3978
3584
2754
3599
3976
3977
3975
3974
2128
3973
3972
3971
3904
3969
3043
3639
3042
3054
3616
3721
3556
3964
3963
1486
3961
3960
3954
3717
3716
1873
3957
1499
2569
3877
3935
2364
3955
1533
1306
2181
3496
3951
3703
3623
3605
3653
3619
3621
3633
3640
3644
1057
3702
3642
3676
3695
3699
3678
3700
3689
3943
595
841
3141
3647
2287
3680
3939
3898
3940
3938
3936
3926
3749
3934
3933
3673
3674
3790
3908
3903
3892
3752
3750
3740
3729
3927
3458
3930
3929
3928
1159
3925
680
3663
3240
3922
3607
3632
3634
1324
3911
3608
3652
3651
3798
3909
3906
3905
3638
3649
3580
3902
3871
3897
3900
3497
3869
3385
3615
3501
3622
3893
3891
3624
3613
1966
3815
3534
3890
3597
2453
3617
3833
3791
3080
3874
3785
3772
3883
3858
3882
3860
1480
3859
3880
3856
3878
3879
3598
1226
3588
2051
3600
3586
2560
3045
3771
3118
3865
2730
3864
3863
227
3272
3263
3585
3488
3500
3722
3567
3569
3571
3444
1222
3836
3817
3852
3834
3587
3823
3820
2265
3816
3855
3570
3641
3557
3829
3549
3803
3826
3824
586
3404
3724
3812
3523
3801
1049
1713
3460
1963
3725
3728
3773
3743
3792
3811
3807
3805
3802
3796
3506
3625
3457
1216
1203
1215
1147
1166
1135
1196
1121
1124
1067
1077
1058
1066
1046
992
1009
983
867
957
694
928
687
688
679
635
657
622
550
557
520
303
339
199
514
391
449
518
448
3448
519
3495
3476
1883
1919
1875
1773
1836
1748
1766
1728
1691
1721
1618
1589
1576
1577
1544
1572
1488
1465
1457
1573
1439
1384
1412
1380
1374
1334
1241
1311
1229
1219
1228
2305
1117
3103
3209
3096
3084
3089
3055
233
3023
231
413
2978
2704
2672
2669
2701
2486
2472
3346
2325
2227
2217
2211
2151
2167
2045
1927
3799
2391
3782
3158
3462
3254
2869
3145
3016
2994
3115
2043
2197
2939
3779
3793
3787
3788
3794
236
3433
3208
3366
3421
1186
2314
3425
3279
3286
2848
2876
1326
3436
3450
3452
3396
3453
3434
3363
3409
3441
3431
180
184
3786
3776
3234
3437
3142
1938
3670
3765
3518
3759
3768
2165
3154
3395
3762
3763
654
1362
1595
3298
3390
3508
3758
3757
3745
2489
3191
3677
3755
3645
3509
3711
3691
3630
3577
3754
3753
3708
3697
3734
3733
3742
3667
3720
3231
3727
3714
3486
3713
3736
3365
3173
3590
3732
3627
3744
3293
1075
1103
3380
3718
2516
3379
1566
3664
3712
3249
3374
3705
2306
3646
3635
3636
3628
3341
3212
3329
1712
3690
3310
2724
3364
3245
2115
3241
3355
3352
3339
1500
3223
2975
3502
1498
2195
3152
1440
2888
3136
3335
2739
2496
2070
3332
3629
3325
3326
776
782
785
788
980
1093
1902
3581
3322
2621
3221
3295
3314
3311
3200
3213
3237
3267
3290
3201
3230
2995
3194
1667
2967
2983
3121
3097
3292
3300
3108
3251
3171
3307
3196
3257
3288
3195
2248
2547
1430
3603
1903
2451
3446
3596
3526
3232
3188
1890
3281
3216
3270
3271
1988
2755
3277
2622
3278
3157
2247
2136
3583
3582
1669
3568
2544
2990
2273
3226
3565
1289
1511
3559
3555
2178
1933
3176
1246
1138
1585
3256
3258
3242
3544
2971
3542
3244
3516
3536
229
401
402
620
645
659
661
677
701
705
725
745
746
767
965
991
230
1010
559
1053
1065
585
1078
652
1141
761
1202
849
1313
1320
868
891
1341
893
1368
984
993
1393
1397
1035
1414
1426
1107
1444
1450
1164
1469
1251
1471
1474
1261
1305
1321
1423
1518
1463
1468
1550
1470
1574
1487
1545
1575
1580
1568
1581
1571
1623
1633
1658
1648
1697
1651
1659
1698
1665
1731
1668
1756
1767
1796
1729
1846
1866
1757
1794
1806
1959
2002
1837
1910
2030
1984
2053
2166
2005
2015
1356
1442
2221
2483
2479
2524
1529
1688
2564
2594
2648
2686
2660
2718
2061
2680
2683
2883
2080
2751
2932
2756
2784
2159
2803
3007
3028
2811
2901
3029
2920
3091
3224
2297
2941
2953
3006
3294
3309
2540
3008
3059
3315
3067
3318
3323
3078
3090
3338
3092
3360
3098
3187
3289
3403
3219
3420
3439
3319
3334
3447
3477
3344
3469
3472
3478
3479
3388
3418
3474
3481
3482
3430
3490
3499
3475
3487
3491
3510
3533
3532
3531
3530
3529
3528
3527
3525
3524
3522
3521
3520
3519
3517
3515
3513
1695
1696
2242
2642
2815
2849
2906
2965
2048
3063
2019
3000
3370
1800
692
3505
3504
3503
2894
638
1570
1956
1765
2927
1699
2213
2797
3445
3170
3316
3438
3480
3471
1014
1034
1040
1068
1074
1217
1111
1134
381
2892
1280
3492
1631
1656
1718
2142
3222
2193
2270
3252
2455
2469
3203
2513
2767
2759
3074
2443
3274
3276
3287
3273
3400
3345
2301
3214
2109
3202
3463
1808
3215
2882
3204
3455
1663
3062
3129
3106
1904
3172
3193
2351
3164
3181
3130
2736
3168
3002
2327
3163
2980
3117
3159
3151
3126
3144
3138
3083
3132
3133
3139
3075
3095
2887
3113
3122
3123
2068
2645
3077
2945
3018
3102
2812
2952
3071
3072
2348
3070
2986
3041
3011
2913
10
3
12
14
5
32
35
38
43
33
36
31
34
42
37
39
41
44
77
55
78
56
58
40
54
59
6
52
51
86
87
83
82
85
84
108
106
109
81
105
60
9
11
53
22
61
4
107
125
57
63
62
65
64
202
212
213
214
248
240
247
219
232
226
198
217
208
238
222
265
197
274
271
275
196
295
183
294
272
293
273
290
288
291
308
270
321
194
204
276
205
218
220
221
357
224
223
225
259
299
388
395
398
399
426
387
394
191
318
485
489
525
532
560
437
558
547
549
551
601
200
581
181
193
228
182
206
597
612
554
631
632
482
587
593
596
665
666
682
606
674
686
647
704
710
731
480
721
690
737
739
570
673
195
685
653
698
723
750
760
678
790
791
764
823
831
836
829
842
899
742
946
553
958
873
963
871
955
864
621
730
3012
568
964
952
995
987
941
975
1000
1017
924
1032
1031
1004
1047
1015
1011
1028
1043
1060
1030
397
583
441
442
670
1048
804
1088
1061
1101
1105
976
1082
797
1130
1051
1042
1142
1129
1144
1143
1145
1070
998
1157
1175
1071
1089
945
1194
1154
1168
1171
1208
607
695
1234
1230
1232
1008
1108
1038
1182
1212
1155
1231
1204
1233
1237
1104
1287
1242
1301
1292
1255
1276
1214
1274
1037
1303
1201
1314
1001
1243
1253
1133
1277
799
1285
1290
1286
1315
961
1263
1340
1183
1336
1308
1348
1357
1174
1358
1344
1378
1317
1365
1389
179
185
1332
1399
1403
1181
1407
1350
1410
1411
1415
1422
1018
1421
1438
611
1271
1385
1347
1447
613
1401
1443
916
1460
538
1371
1462
1361
1464
1282
982
1427
1259
1479
1278
1279
1478
1323
1343
1270
816
1495
1167
1507
1513
1339
1519
1522
211
351
268
392
396
432
433
443
464
469
512
470
504
531
536
624
669
671
733
907
944
1026
726
1136
1198
1218
237
384
386
412
435
343
430
505
535
481
600
574
1110
872
990
851
869
759
789
727
747
689
711
667
681
644
651
630
636
431
552
1515
1521
602
1139
960
985
1441
1537
828
1428
576
1209
1477
1355
1520
1354
1567
1293
1534
843
1597
1634
1639
1642
1646
1609
1652
1351
1653
959
1191
1674
1598
1615
1614
1650
1649
1504
1607
1604
1694
1605
1603
1599
1600
1601
1602
1436
1620
1606
1398
1481
1708
1661
1724
1660
1662
1717
1608
1742
1611
1677
1610
1745
1750
1283
1736
1613
1722
1621
1764
1771
1776
1785
1787
1743
1749
1644
1612
1640
1799
1805
1798
1079
1636
1809
1816
1700
1730
1817
1830
1367
1825
1772
1818
1829
1596
1819
588
1692
1840
1257
1860
1178
1869
1872
1814
1870
1564
1880
1626
1827
1886
1889
1115
1185
1854
1896
1885
1930
1396
1755
1906
1932
1934
1939
1952
1953
1957
1530
1541
1503
1704
1807
1811
1874
186
1964
1828
1262
1969
1801
1848
1972
1977
1950
1965
1790
1997
2001
468
1715
2010
2034
1635
2014
2022
2047
1506
1877
2056
2085
2086
1918
2087
201
1475
1732
2069
2105
1294
1254
1300
1245
1325
1310
1345
1352
1543
1512
1594
1353
1795
1654
1797
1707
2006
2024
1855
1833
1911
2055
2062
2049
650
691
2040
814
729
777
699
978
947
950
895
1092
1036
1095
1005
1160
1137
1169
1173
1179
1188
1177
1235
1197
1199
8
76
7
414
320
338
319
177
484
479
491
429
506
555
526
590
584
556
591
610
641
2108
1247
2117
1925
2127
1466
2133
1878
467
2148
2129
2135
1666
2174
2147
2150
2156
1184
2172
2192
2199
2171
2182
2203
2076
2132
2188
2185
2214
2091
2092
2095
2186
2189
2215
1720
1490
1716
1590
2033
2241
2243
2207
1822
2240
2264
2254
2259
1050
2082
1338
1364
1335
1258
1549
2200
2274
2276
1161
2149
2291
2300
2094
2311
2303
1132
1630
2067
2324
2120
2329
2339
2340
2347
2004
2376
724
2382
2383
2249
2381
2384
2385
2397
2302
2354
2210
2358
2379
2408
2415
1935
2417
2431
2432
1940
2208
2337
2438
2110
2437
1998
2416
2448
2331
2355
2220
2260
1116
2452
2353
2460
2429
2449
1112
2465
1180
2466
2404
2405
637
2162
1081
2436
1942
2361
2125
2424
2487
2488
2485
2493
2498
2427
2499
1539
1727
2459
1252
2521
2528
2104
2433
2519
2520
2534
2515
2543
2549
2377
2550
1056
2541
2551
2567
2552
2582
2482
2554
2574
1672
2618
1473
2600
2589
2593
2236
2586
2571
2573
2616
2625
2632
2633
2330
2643
2603
2647
2542
2587
2566
2595
2139
2630
1882
2463
2538
2668
2492
2510
2484
2490
2462
2670
2447
2442
2584
2434
2439
2426
2409
2418
2388
2396
2369
2706
2710
2641
2578
2624
2619
2658
2576
2315
2720
2575
2620
2682
2230
2322
2288
2709
2598
2685
2712
1858
2352
2344
2345
2328
2317
2320
2628
2296
2299
2749
2244
2294
575
2752
2293
2557
2018
2395
2677
2762
2278
2283
2591
2742
2277
2539
2770
2783
2266
2699
2245
2257
1238
1588
2791
2238
2258
2548
2579
2748
2517
1020
1664
2673
2696
2769
2773
2780
2237
2804
2173
2533
2235
2753
1275
2231
2198
2570
2111
2821
2393
2693
2145
2191
2818
2137
2518
2298
2850
2678
2853
2690
2461
2657
2511
2635
2316
2781
2475
2708
2121
2467
2734
2152
2740
2176
2184
2107
2743
2106
2126
2757
2081
2096
2079
2760
2074
2878
2239
2676
2765
2890
2577
2664
2671
2692
2731
2659
2679
2651
2836
649
2713
1400
2900
2611
2798
2919
2073
2877
1236
2774
2071
2918
2502
2523
2527
2572
2629
2884
2923
2792
2868
2924
2065
2546
2880
2928
2938
1923
2003
2794
2870
2917
2874
2958
2234
2946
2262
2972
2666
2970
2592
2891
1948
1978
1926
2727
2698
2776
2063
2872
2989
1901
1905
1894
1893
1887
1879
2875
2209
3001
1859
2735
1862
2823
1842
2881
3004
1804
2604
1786
2926
2936
2942
2954
1803
2996
2963
3009
1701
1227
3013
2292
3021
1569
3020
3027
3022
3024
1627
3025
2948
3035
3036
3038
2956
2504
3037
2170
2721
2514
2468
1996
2531
1864
1981
2681
1448
3056
2684
2562
2175
1685
3217
3109
3085
2555
2491
2380
660
2312
2535
1349
1408
