16069
16175
15954
15992
16092
16021
16153
16147
16082
16166
16087
16093
16048
16137
16161
16139
15787
16135
16155
16094
16164
16163
16160
15325
16140
16159
16157
16156
15998
16151
16152
16149
16047
16141
16144
16109
16084
16127
16090
15788
16142
16143
14950
16138
16038
15389
16118
16081
16121
16112
16111
16110
16066
16076
16075
16074
16072
16067
16064
16063
16062
16061
16123
16119
16117
16115
16079
16120
16116
16108
16107
16106
16105
16104
16098
16097
16091
16089
16088
16086
16085
16083
16078
15363
15886
15902
13955
16054
14556
15500
15615
15629
14312
14315
15781
15789
16046
15930
15096
14624
15834
15145
15776
15156
15186
15319
16129
15386
15444
16045
15395
15434
15477
15497
15501
15508
15529
16058
15651
15656
15947
15809
15610
15388
14961
14934
14898
14712
14566
14350
14349
14177
14176
14035
14027
13561
16080
16043
16133
14234
14577
15142
14507
14467
14446
14336
15759
15877
14117
14111
14081
14076
14034
13683
14008
13997
13643
14052
13803
13990
14003
13994
13832
13626
12882
13979
13957
14075
13805
13769
13738
13633
13613
13587
13484
13480
13467
13462
13409
13408
13406
13404
13403
13401
13400
13397
13333
13281
16125
16124
16002
16071
15660
15413
14983
16122
15311
15657
15338
15794
15836
15476
15533
13517
12886
15969
14265
14266
14797
14704
16102
15866
16101
15152
15981
16060
16099
16028
15343
13914
15266
15350
15366
15652
16059
15816
15967
16077
16073
15963
16068
15917
15970
16055
16023
16036
16052
16050
15065
15812
15595
16008
16034
16032
16011
16031
16029
15973
15976
15451
15807
15957
15945
15972
16020
15916
15721
16007
16018
15934
16015
16006
15630
15951
12794
15447
15918
15943
15889
15546
15982
15949
15553
15839
15991
15977
15983
15960
13497
15965
15952
15841
15756
15926
15356
15665
15785
15901
15905
15906
15908
15909
15910
15961
15955
15958
15940
15950
15469
15948
15899
15780
15944
15888
15859
15884
15931
14963
15883
15911
15779
15904
13439
15752
15030
15611
15885
15783
15823
15764
15751
14543
15890
15819
15329
15346
15870
15643
15626
15271
15385
15862
15482
15600
15810
14764
15872
15527
15312
15808
15853
15826
15147
15359
15827
15868
15838
15714
15743
15758
15861
15017
15842
15869
15864
15511
15569
15856
15855
15663
15777
14703
15813
15747
15421
15164
15612
15281
15387
15795
14754
15705
15832
15828
15793
14595
15722
14846
15176
14953
15825
14773
14662
14424
15802
15820
15536
15817
15570
15805
13530
15016
15798
15331
14926
15770
15803
15700
15800
15729
15796
14956
14260
14306
14178
14259
15624
15662
14011
15792
14222
15730
15784
15398
15771
15775
14622
15202
15728
15310
15768
15693
15763
15741
14386
15616
15762
15746
15733
15742
15748
15690
15708
15745
15277
15655
15509
15731
15679
15702
15641
15703
15726
14461
14463
15709
15606
15432
15605
15552
15725
15719
15701
15550
15718
15715
15696
15210
15082
15694
15322
15695
15494
15279
15683
15706
15617
15548
15632
15198
14903
15139
15609
15628
13514
15671
15678
15240
15381
13718
13572
15682
15654
15522
15534
15669
15661
15480
15672
15659
15590
15518
15442
14698
14296
15563
15653
15631
15646
15648
15378
15588
15644
13407
15608
15463
15597
15504
15545
15492
15582
15592
15162
15578
15004
15524
13725
15435
13571
14976
15491
15602
15220
15593
15320
15328
15564
15567
15573
15575
15577
15362
15560
15544
15566
15565
15540
15396
15512
15555
15558
15531
15052
15185
15515
15410
15438
15457
15265
15458
15551
15115
15302
15549
15448
15535
15365
15347
15402
15532
15475
15514
15505
15441
15383
15478
15391
15293
15530
15425
15380
15516
15493
15274
15012
15270
14392
15490
15513
15335
15187
15446
15433
15456
15024
14714
15466
15029
15384
15235
14529
15141
15471
15481
15033
15140
15443
15437
15149
14267
14337
15392
15298
15453
15146
14480
14478
15445
15022
15332
15318
15357
15137
15431
15429
15249
11161
15358
15371
15372
15134
15403
15418
15419
15087
15032
15397
15324
15360
15217
15400
15283
15364
15011
15369
15290
15373
15377
15367
15327
15340
15287
14851
15352
15326
15289
15288
14837
14354
15117
15118
15020
15337
15303
14479
15339
15336
15314
15333
15018
14146
14364
15205
15261
15330
15154
15219
15321
15316
15159
15028
14896
15299
15308
15305
15267
14776
15297
13346
15045
15291
15276
15166
15193
15241
15182
15014
15258
15064
15263
15260
15257
15242
15255
15025
14684
15233
15119
15229
15248
15230
15039
15215
15238
15151
15174
14978
14995
15172
15042
15112
14291
14928
15227
14592
14861
15026
15129
15221
14547
15206
14951
14818
15181
15179
15178
14900
14901
15053
14815
15097
15165
12255
15038
15031
15027
15021
14974
14702
13972
13973
13963
14481
15093
15103
14417
14917
14902
14599
14009
14975
14375
15138
14145
15048
15120
15123
15107
14998
9722
10050
15050
15101
14488
14510
14938
15034
15067
14884
13126
14462
15013
14705
15068
15092
15057
15066
15056
14090
14482
15090
15019
14946
15075
15049
15055
14729
14980
15059
14947
14798
14955
14945
15046
14696
14870
14893
14968
14920
14979
15023
14942
14962
14970
15037
15035
15009
15015
14921
14829
14564
14999
15007
15006
14814
14937
14104
14990
13087
14984
14981
14800
14919
14363
14959
14817
14906
14865
14958
14774
14852
14882
14833
14830
14854
14866
14912
14509
14826
14489
14939
14659
14834
14743
14020
14891
14940
14886
14188
13873
14477
14673
14672
14671
14788
14677
14872
14812
14843
14922
14875
14536
14924
14899
14881
14877
14664
14890
14173
14909
14013
14871
14869
14915
14745
14353
14876
14832
14894
14904
14718
14415
14681
14642
14669
13971
14781
13970
14849
14628
14602
14780
14728
14864
14558
14744
14706
14858
14740
14806
14823
14857
14637
14527
14794
14756
14841
14847
14782
14721
14840
14838
14836
14686
14166
14064
14012
14689
14760
14775
12017
14816
14807
14344
14387
14455
14697
14777
14123
14801
14757
14136
14796
14795
14651
14742
14789
14723
14541
14713
14647
14493
14464
14752
14574
14770
14565
14391
14623
14746
14528
14632
14458
14590
14733
14732
14719
14741
14668
14675
14657
14181
14727
14620
14625
14670
14447
14699
14720
14519
14687
14683
14550
14560
14598
14692
14235
14691
14674
14688
14655
14648
14603
14633
14666
14228
14227
14226
14175
14621
14663
14395
14355
14580
14644
14459
14532
14569
14588
14542
14537
14535
14534
14540
14579
14591
14630
14611
14627
14475
14539
14613
14605
14617
14619
14600
14615
14597
14606
14555
14559
14545
14557
13831
13515
14551
14585
14586
14587
14584
14583
14582
14474
14581
14122
14561
14524
14549
13859
14466
14523
14552
14362
13872
14490
14495
14456
14531
14521
14522
14517
14320
14385
14501
13231
10335
11528
13653
13622
13592
13500
13447
13451
13228
13195
13133
13035
13124
13114
13062
13013
12990
12932
12802
13042
10794
11343
12215
12441
13411
13430
12148
12767
11846
11855
12048
12051
12738
12053
12049
12657
12587
12567
12523
12483
12477
12419
12408
12394
12361
12336
12291
12287
12174
12167
12162
12149
12104
12101
12078
12076
12054
12010
11999
11870
11847
11840
11808
11780
11767
11357
11760
11751
11715
11710
11678
11620
11617
11596
11613
11595
11594
11542
11538
11527
11525
11482
11473
11457
11419
11390
11377
14132
10990
11042
11054
11061
11076
11111
11124
11171
11175
11193
11210
11238
11251
11259
11264
11265
11268
11269
11271
11278
11319
11344
10977
10973
10842
10838
10379
10381
10773
10727
10695
10630
10628
10627
10594
10575
10554
10499
10473
10468
10359
10353
10348
10325
1751
10309
10286
10167
10163
10161
10151
10128
10036
10035
9991
9989
9763
9505
9255
9228
14253
9226
8300
8087
7863
6172
5985
5508
5506
5507
6375
5242
4605
4391
4187
14486
14339
14174
14290
14468
14143
14457
14443
14414
14460
14352
13615
14402
13817
14115
14449
13726
14390
13605
14429
14413
14438
14432
14393
14425
14433
14370
14340
14330
14408
14423
14137
13528
14102
14351
14068
14406
14400
14399
13880
14298
14299
13334
14133
14380
14231
14388
14372
14381
14172
14192
14025
14327
14210
14264
14311
14357
14220
14233
14338
14120
14245
12527
14091
14347
13099
14288
14328
14334
14322
14325
14313
14321
14318
14258
12545
14251
14212
14017
14305
14303
14268
14225
14236
14010
13952
14289
14271
13532
14124
14277
14263
14262
14261
14269
14246
14248
14230
14134
14241
14243
14148
14237
14024
14171
14164
14015
14224
14213
14193
14082
14219
13996
13785
13566
14208
14207
13807
14023
14196
14202
14201
14200
14198
14195
14197
14153
14191
14189
14163
11335
14180
13888
13246
14131
13564
13910
14140
14160
14109
14118
14135
14151
14051
14155
11856
14022
14065
14071
14030
12566
14121
13569
14100
13968
14066
14063
14139
14138
13961
13752
13746
14103
14110
13939
14044
13967
14021
14037
13983
14038
13573
13550
13551
13568
14019
14089
13258
13429
14087
13992
13848
14016
13556
13557
13567
14059
13965
13966
13969
13756
13522
13527
14046
14070
14069
13995
14056
13913
14031
13523
13943
13578
13549
13890
13991
14026
14002
13962
13964
13518
13905
13432
13999
13933
13155
13670
13535
13699
13915
13525
13676
13596
13678
13548
13547
13546
13545
14000
13539
13521
13981
13895
13982
13563
13951
13591
13903
13842
13579
13558
13878
10345
13815
13949
13956
13793
13855
13836
13894
13925
13908
13524
13904
13917
13560
13740
13916
13322
13856
13919
13857
13889
13534
13892
13891
13177
13887
13804
13121
13865
13272
13811
13877
13876
13875
13874
13871
13870
13869
13562
13565
13794
12790
13599
13835
13813
13672
13845
13555
13690
13779
13828
13140
13826
13505
13576
13791
13531
13552
13801
13687
13642
13314
13232
13743
13749
13789
13046
13783
13768
13786
13777
13770
13559
13102
13766
13758
13745
13757
13538
11460
13647
13601
13395
7292
13606
10825
13574
12254
13679
12125
12068
13715
12025
12020
11742
11735
11597
11590
11472
11466
11459
11366
11168
11126
10809
8577
10119
9981
9482
11091
9840
9140
13096
13720
13667
13479
13493
13635
13711
13017
13595
13598
13603
13604
13648
13669
13685
13533
13614
13033
13682
13554
13055
13476
13590
11450
13176
13593
13610
13666
13664
6803
13612
13646
13003
13192
13475
13156
13570
13623
13342
13581
13617
13616
13594
13372
13486
13582
13586
13440
13452
13577
13575
13553
13544
13543
13542
13541
13540
13537
13536
13529
13526
13520
13519
13516
13513
13444
13396
13381
13488
13255
12129
13483
13323
13193
13473
12898
13154
13465
13449
12192
13469
13454
13398
13416
13446
13399
13445
13355
13417
13421
13433
13419
12175
12507
13357
13410
13335
13370
6283
13383
13377
13366
13293
13266
12480
13365
13204
13361
11003
13352
13330
12806
13331
12889
13190
13328
12770
13173
13338
13300
13319
13327
13203
13320
13279
13316
12995
13123
13137
13263
13002
13283
12799
11558
13297
13103
10616
13284
2246
11385
10721
10664
12982
10614
11818
10544
10511
10507
10484
12798
11923
10481
11560
11209
11724
10454
10383
12972
11896
10305
10283
12891
12279
12925
12400
13066
12842
12946
10148
13159
10103
9855
9976
9774
9713
13271
9690
9607
7633
13131
13134
13175
13142
13148
6253
5666
4614
8497
13257
13198
13269
13207
13259
12832
13149
13122
8977
13245
13048
13041
13201
11733
13235
13191
13196
13202
13233
13226
13240
13230
13178
13181
13224
13223
13214
13212
13220
12954
13208
13194
13197
12974
11786
11474
13016
13171
13090
5169
12870
13067
13057
13022
11543
12546
13164
11559
13115
13153
13141
9754
8938
7785
8166
6837
6973
6353
13135
10669
13116
13127
12783
12890
13104
12535
13086
12961
13004
12866
13081
12855
13082
11248
12193
13089
9480
12603
12816
12251
12991
13006
11746
13070
12007
12090
13068
13007
12658
12892
13063
13059
11380
12071
13047
12944
13034
13038
12931
12472
5787
13026
13011
12919
13012
12989
13014
13008
12993
11565
12726
12548
12920
12975
12947
10734
12967
12930
12959
12958
12895
12943
12938
12936
12921
12808
12913
12945
12911
12918
11154
12766
12928
12912
12910
12747
12867
12782
12897
12907
12744
12876
12884
12879
12875
12813
12885
11889
11865
12350
12839
12869
12872
11895
12858
12571
12860
12848
12859
12864
12863
12861
12862
11098
11072
12807
12818
12819
12108
10373
12281
12837
12271
12365
11964
12776
12827
12079
12829
12821
12762
12760
12685
12043
12550
12042
12777
12757
12792
12711
12793
12292
12293
10142
12785
12530
12531
12778
12549
12771
12547
12765
12715
12763
12764
12751
12750
12683
12598
12735
12740
10087
12650
12599
12731
12730
12720
12727
12719
12717
12718
12696
12709
12695
12592
12613
12697
12680
12684
12433
12681
12687
12669
12331
12689
12673
12520
12649
12666
12682
12375
12606
12243
12668
12667
12659
12660
12330
12583
12642
10147
12487
12568
12652
12651
12563
572
12585
12586
12596
12601
12517
11402
12595
12600
12434
11912
12404
12261
12214
12107
12098
12075
11956
11957
11510
11467
11425
11312
10067
9911
9683
12572
12482
12389
12387
12374
12373
12372
12621
12368
12362
12360
12356
12355
12353
11968
11662
11660
3997
12557
12609
12582
12593
12569
12468
12486
12555
12576
12556
12047
12435
12063
12525
12050
12560
12553
12559
12526
11955
12518
12539
12493
12094
12476
12332
11781
12308
12436
11550
12494
12519
12481
11849
12405
12514
12509
12511
12052
12508
11001
12448
12145
9990
12474
12462
12449
11795
12446
12467
12460
12450
12286
12116
11468
12452
12290
12328
11995
12443
12161
12453
12451
12418
12396
12422
12393
8299
8295
12377
12421
12289
12382
12413
12073
12334
12333
11136
12304
12323
11778
12283
12277
12386
12388
12367
12364
12213
11906
12003
12070
12026
12028
12252
12256
10993
12160
12190
11959
11812
11771
11176
11708
11600
11561
11553
10791
10779
12309
12370
10382
12319
12318
12329
12321
12363
12274
12358
12357
12359
12354
12239
12317
12310
12338
12344
8745
12324
12066
12276
11659
11777
12302
12297
12296
12301
12294
10994
12260
11699
12217
12270
12067
12218
11977
12064
12237
12238
12250
12267
12016
12259
12207
12122
12206
12208
10032
12233
10827
12035
11885
12225
12236
12224
12030
12194
12195
12222
12135
12184
9641
11556
11922
10047
12081
12196
12191
12065
11221
11052
12130
12182
12131
12133
12179
12172
12177
12087
12128
12140
12153
12156
12176
12147
11974
11706
10991
11839
12106
12061
11237
12083
11772
10683
10026
11025
11393
10024
11391
10449
12060
11048
11683
11060
10793
12136
12018
12137
12118
12132
11914
12027
12038
10919
11254
11861
12088
12097
11879
11489
11789
11634
11453
11205
11332
11224
11133
11116
10875
10742
10461
9451
10677
12095
11976
10737
10739
10030
10152
10257
9710
12086
9699
9688
9490
9495
8837
12041
12084
9064
10963
10080
12074
9364
6505
12000
12029
11990
11918
11147
11881
12033
12022
10386
10380
12011
12014
10876
12008
12006
11991
11994
11972
11979
11925
11775
12004
11981
11958
10031
11811
11461
11898
11675
11938
11961
11913
11951
11953
11394
11944
11807
11877
11806
11555
11821
11926
11897
11860
11872
11864
9719
11902
11904
11387
11389
11871
10643
10392
10242
9538
9289
7996
7642
11883
8512
11880
11882
5587
1125
11868
11852
11876
11681
11797
11859
11693
11843
9229
11395
11822
11836
11842
11823
11716
11757
11769
11770
11779
11790
11798
11799
11820
11817
11815
11654
11809
11765
11213
10895
11764
11755
11743
11762
4050
10259
11439
10985
11759
11729
10013
11644
11704
11738
11739
11428
11745
10769
10503
10479
10914
10924
10928
10942
10943
10945
10975
10976
10874
11711
11737
11731
11652
11667
11728
11580
11117
11712
11607
11670
11671
11713
10678
11688
11674
11703
6640
11690
11651
11618
11602
11570
11488
11426
10978
8284
11635
11665
11257
8282
11582
11569
11664
11657
11643
11239
11646
11649
11647
11648
11645
11431
11535
11197
11599
11637
11626
6574
5162
11627
11631
11610
11606
11379
5588
5589
5590
5592
5594
5598
11585
11586
11591
11579
11578
11575
11220
11219
11493
11557
11256
11432
11433
11502
9703
9987
11507
10604
11544
11545
11280
11282
11281
10505
11534
11105
9895
11020
11499
11541
11074
11469
11497
10777
11520
11518
11505
9851
5509
6504
8280
10509
10764
10487
10527
11135
10801
5504
10187
10398
10772
9684
10181
11069
11470
10065
10657
10483
6912
9024
9316
9318
9324
9325
9329
9341
9344
9346
9347
9348
9353
9355
9356
9366
9367
9368
9370
9382
9383
9384
9385
9386
9387
9388
9598
9600
9601
9969
9681
9181
6511
10113
10518
10522
10524
10526
10529
10532
10534
10542
10638
10642
11337
11475
10501
10510
10512
10516
10663
10179
5354
8043
8318
8857
8909
8920
9159
10644
10662
10679
10941
11073
11140
8535
10480
11351
11438
11214
11215
10201
10488
10495
10725
10880
10947
11021
6538
11452
11392
11416
11446
11441
8143
8573
5202
11411
9983
11383
11236
11417
11429
11261
8955
11010
11029
7498
8476
9035
9487
11056
10798
11240
4569
9803
9832
9912
9977
10253
10302
10446
8383
8384
8386
8387
9101
9185
9678
9914
9955
10014
10038
10244
10384
10423
10426
11408
11384
10239
11403
10790
11398
10969
1563
5928
7402
11382
6476
8302
8499
11242
10252
10362
11333
11137
9264
9274
9277
9728
11350
11373
11349
11354
10957
10771
11299
11355
11139
8161
10045
11158
11309
11336
11101
6026
11323
7788
11328
11317
11189
10988
10986
10982
10784
10667
10185
10095
11027
11086
10786
10776
11035
11041
11190
11192
11283
11290
11305
11100
11297
11075
11071
3175
7090
11291
10560
11262
11263
11270
11228
11249
11247
11212
11120
11077
11216
8279
8301
8264
10029
10428
7134
11230
11218
11222
11185
4606
7622
11179
11187
9685
9484
10456
10060
11194
11200
7650
11160
7792
8439
9608
9833
8385
8493
8647
8690
8711
8856
8884
8286
7786
7689
7418
7356
7118
6872
6843
6828
11172
9469
11152
11173
11178
6416
11092
11170
9805
4889
5195
7605
9866
10855
9988
10375
10062
10020
10004
9982
9966
9943
9790
9755
9624
9404
9466
6165
8531
8885
8388
8382
7795
7757
7987
7926
6300
6398
8102
7884
6939
6479
10287
6901
6840
9039
9225
8940
8153
9857
8927
9044
8948
8949
8896
8653
8866
9432
9269
6339
9081
9043
8950
8928
8921
8746
8596
8560
8504
8482
8467
7837
8441
8294
8291
8257
8258
8251
7726
8103
7881
7208
7714
6238
6205
6183
9135
7364
7768
7769
7767
7358
7352
7743
7729
7641
7499
7026
7025
7250
7230
7204
7119
7117
7492
7465
7237
7121
7486
6367
6127
5432
10395
4190
11058
11026
10995
10972
10940
10911
10549
10435
11037
11131
10462
11163
11142
11150
9937
11127
11130
10922
11159
10363
7234
11046
10974
11113
805
10775
10427
10654
10097
10028
10069
11084
10531
10540
10841
11043
8981
9948
11085
11080
11068
11089
9986
11013
11015
9045
7120
11031
9611
11017
10404
11022
10802
10890
10840
10346
11023
10220
10980
10195
10996
9609
10979
10843
10968
10964
10965
10545
10533
4944
10921
10659
507
10899
10891
10892
10917
10770
10766
10762
8845
10882
10905
10811
10865
10893
10105
10469
10860
8661
10572
10448
10571
10447
10416
10445
9098
9093
9095
10868
10888
10724
9472
10870
10872
10660
9037
9928
8962
2681
10813
4102
10312
10127
7045
10699
10833
10834
10807
10233
10646
10761
10424
10634
10658
10694
10808
10803
10429
5124
8047
8899
8027
10439
10728
10425
10787
10235
10218
10064
9905
9771
9779
9770
9652
9606
9485
9091
9133
9212
9317
7497
8840
8809
8771
8405
8404
10785
10768
5217
5776
7215
6433
8349
7697
10789
7197
8516
8548
8485
8818
9576
10722
10482
1762
8139
3451
7472
3585
5654
9361
7990
9290
10782
10475
10474
10417
10758
10756
10744
10755
10747
10746
10751
10192
10690
10745
10732
9349
10223
10719
10452
10519
10486
10714
10210
10718
10720
9661
10245
10591
10471
5254
10631
10619
10563
10632
10434
6960
10648
1126
10608
10556
10622
10525
10494
10587
10593
10536
10414
10506
9389
10336
10557
10576
10296
10255
10303
10565
10567
10569
10566
10489
10490
10491
6447
10535
10500
5341
9511
10143
10472
10460
10409
10306
10293
10278
10277
10275
10272
10243
10221
10197
10199
10205
10189
10183
10115
10101
10444
10443
10432
10431
10010
10011
10003
10012
10000
10002
9975
9947
9927
9705
10041
9562
9470
9446
9435
9393
9354
9350
9345
9280
9268
9275
9260
9233
9231
9227
9206
9203
9201
9179
9173
9090
9061
9680
9668
9665
9686
9620
9630
9599
9577
9573
9585
8911
8910
8897
8892
8889
8860
8854
8772
8743
8738
8736
8735
8708
8650
8593
8590
8600
8583
8563
8561
8568
8570
8567
8566
8551
8550
8544
8540
9046
9019
8406
8381
8293
8277
8163
8134
8130
8132
8131
8123
8118
8105
8080
8075
8072
8064
8046
8045
8032
7988
7969
1442
7871
8492
8442
8414
7430
7212
7176
4193
7711
7848
7847
7858
7859
10265
10234
10089
10084
10017
9954
9909
9903
9920
9856
9853
9820
9821
9818
9806
9804
9792
9759
9742
9740
9724
9723
9709
10061
10058
10052
10042
10039
9550
9543
9542
9525
9509
9500
9493
9473
9394
9360
9359
9371
9270
9256
9213
9210
9139
9138
9107
9058
9048
9666
9636
9649
9625
9597
9596
9593
9583
9575
8954
8945
8941
8937
8934
8933
8930
8929
8882
8883
8853
8849
8831
8830
8829
8802
8799
8786
8762
8757
8739
8729
8717
8702
8691
8673
8648
8645
8666
8665
8662
8631
8629
8624
8626
8639
8638
8636
8635
8609
8605
8597
8580
8585
8533
8507
8506
9034
8997
8992
8973
8966
8408
8370
8348
8353
8292
8269
8266
8254
8249
8243
8236
8239
8160
8159
8152
8151
8121
8108
8107
8104
8117
8082
8054
8051
8026
8011
7989
7983
7953
8496
8480
8448
8426
7864
7454
7399
7270
7114
6214
6457
6419
7723
7715
9886
9749
10141
10005
9789
9962
9766
10077
10107
10093
9580
10274
10203
10366
10369
10396
9985
9764
10418
10377
10109
10288
10385
10364
10112
10066
10006
9735
9963
9241
10440
9566
10433
10326
10023
10390
7914
9956
9380
10378
10389
9584
6576
7851
9478
8469
7829
10371
8664
10352
10301
4184
1885
4272
10297
7044
8275
10219
10319
7437
9131
10114
8473
7935
6818
8150
9183
9872
10249
10121
9444
10057
10156
7214
10136
10276
7333
9824
7362
9465
9467
8443
5302
10083
10247
10237
5674
10227
10240
8572
10228
9671
9586
10215
7657
10230
10231
9657
10211
10212
10132
9938
8947
6562
8447
9992
10178
9974
9846
10154
9953
9334
9365
9626
9660
9664
9676
9702
9704
7225
10133
9893
10054
9984
9748
10098
9848
9650
9662
10018
7640
8397
8273
7559
8698
9425
9481
8942
9217
9358
9152
8924
8875
8758
8663
8658
8532
8530
8474
8457
8428
8416
8395
8355
8352
7872
8276
8241
8346
8347
8283
8177
8167
8154
7972
7912
7841
7770
7765
7674
7672
7655
7610
5350
4011
7558
7391
7432
7683
7337
6895
6862
7015
6798
6717
6489
6487
6434
6426
6159
6073
5364
4994
5016
9871
5297
3097
6175
6295
6124
6133
6134
6136
5845
6106
6110
5271
5288
5548
5811
5151
5186
5194
5099
5105
5118
6902
6981
6795
6796
6812
6724
6726
6727
6738
6686
6696
6703
6547
6570
6571
6660
6453
6458
6473
6475
6392
6394
6445
6304
6315
8246
8489
8558
8013
8015
8226
7619
7705
7722
7854
7525
7565
7595
7456
7236
7351
7203
7209
7200
7201
7202
7057
7184
9307
9896
9701
9658
10044
9767
9769
7941
4856
8935
8701
9200
9222
9906
10040
2158
9929
6839
9902
9214
8309
8313
8797
9961
9084
7893
7895
9651
7436
4418
6272
6252
5812
5595
5554
5456
5287
4977
9782
9826
9471
9930
7518
8483
6936
7651
7259
9801
9900
9876
9372
9904
9565
9877
9901
7513
9884
9879
9887
8325
9883
9852
9819
9815
9831
9592
9835
9288
9528
8203
8016
8952
8672
9040
9654
9653
9778
9752
9817
9758
8956
9672
9697
9306
8958
8678
8659
8462
7991
7875
7686
7390
7336
9670
9706
9695
9700
9050
9693
9696
9436
9717
4340
9707
9677
9604
9655
9682
9632
9054
9097
9570
8188
7896
7899
7900
7905
8147
8189
8253
9177
9057
9238
9357
9540
9494
8376
9510
9381
9184
9235
9491
9453
9489
9492
9488
7491
9477
8135
8187
7897
7908
7894
7898
7892
7891
7909
7906
7913
7911
7890
7887
8145
8256
8314
8306
8307
8308
8311
8312
8502
8703
8704
8310
8748
8749
8968
9055
9025
9023
8989
9028
8180
9062
9059
8993
8939
8995
7693
8676
9429
9427
9430
9431
9433
8089
8718
9342
7046
7501
9400
8750
9224
9352
9216
9205
6946
9336
9332
9337
9335
9333
9331
9330
8877
9234
9328
9326
9327
9108
9323
8401
8709
9322
9321
9320
9276
9319
9266
9315
9314
9351
9313
9311
9312
9285
9284
9283
9282
9281
8784
7438
8216
8217
8554
8555
8742
9136
8812
9180
8951
7833
7527
8098
8157
8200
8960
8446
8851
8209
8657
8484
8901
7968
9174
7904
9186
9110
9066
6835
8999
8998
8730
8936
4488
3734
4814
4556
9088
7781
8852
8819
8564
9071
8028
8068
8810
8865
8071
9003
6138
8727
8823
8902
8978
7621
8957
8886
8944
6140
8412
8470
8423
8389
8335
8052
8923
8878
8828
8869
8846
8660
8813
7860
8867
8806
8616
8070
8088
8136
8197
8190
8162
8144
8076
7823
7428
7427
7016
6842
6513
6418
5949
5348
5301
8814
8721
8760
8759
8765
8321
8842
8710
8827
8734
8807
8834
8808
8796
8795
8712
8800
8069
8744
8783
8715
8775
8740
8769
8747
8716
8608
7812
7758
8707
6799
7458
8693
5461
8362
8371
6945
6664
6515
4185
8694
8677
8670
8667
7661
8651
4745
8633
8556
8456
8604
8617
8578
8612
7325
7948
8262
8579
8591
8569
8458
8263
8541
7105
8168
8452
8508
8509
8460
8067
8455
8454
7245
8427
8066
7965
8373
8375
8365
8391
8366
6517
6573
5749
8341
7679
7947
8173
7171
8255
7010
7970
7699
7596
7688
8138
8115
8090
8074
8057
8056
8049
8044
8030
8008
8007
8002
8001
7998
7995
7992
7985
7984
7976
7975
7974
7952
7934
7931
7930
7917
7915
7886
7870
7834
7819
7799
7794
7787
7760
7671
7667
7598
7471
7440
7371
7357
7355
7329
7255
7178
7133
7104
6996
6850
6483
5975
5967
5836
4959
4158
8178
8196
7933
6633
7075
6875
7103
6941
7400
7076
6597
7353
5791
2866
6451
895
4459
1477
5612
4528
4573
3200
3199
3634
3464
3655
3751
4103
4445
5899
6319
6482
7731
7843
7746
7147
7835
7826
7696
7354
6510
6921
6454
7822
7673
7007
7190
7821
4935
7125
6414
7107
7793
7810
7774
7681
7806
7750
7776
7579
7752
5695
7779
7764
7549
7771
7188
7083
7435
6669
7684
6152
6984
7363
6672
7004
7703
7713
7069
5424
7064
7059
7060
6962
7050
7676
7643
7738
7735
7553
7712
3474
3894
5025
7571
7724
3892
1149
4687
4627
4458
3310
1660
1150
1131
6822
7039
7534
5443
6846
7035
7070
7707
6741
7074
6593
6959
6938
6934
6933
6876
6817
6767
6763
6747
6737
6684
6663
6657
6607
6531
6521
6506
6477
6191
6115
6033
5962
5933
5860
5859
5858
5856
5547
5505
5405
5317
5104
5081
4987
4875
4839
4604
4352
7020
5880
6393
6297
6216
4592
2931
4432
6827
6561
6613
5852
5890
6076
6461
6464
5685
5687
5716
5841
5098
5445
5543
5611
5653
4434
4951
4955
5049
4907
4710
7082
7646
6291
6866
6871
6199
6856
6855
5244
6780
6789
6788
6601
6596
6594
2884
6977
6861
7611
6779
6497
7636
6395
7489
6907
6953
5281
7617
7630
6618
6606
6203
6206
6259
6427
6452
6614
6940
4991
3487
4868
7658
6860
6166
7253
6904
7652
7639
6897
5659
7365
6892
7634
7262
7570
7568
7216
7589
7566
6859
7235
5576
6848
7599
6924
7531
6417
7017
6905
6689
6758
6542
6556
6480
6399
6376
6132
6179
4205
5793
5557
4186
3988
3918
3413
3375
7476
4765
7488
7537
6781
7582
7541
7507
6821
7573
7522
7217
5048
7557
6316
6314
7224
7453
5500
5556
7487
5772
6765
7545
6759
7474
6687
6723
7455
7521
7030
6675
6733
6107
4475
7368
7520
7451
7512
6368
6472
6705
6704
5802
6249
7401
7500
5489
5394
6678
7508
6351
6645
5182
7376
7288
7495
6641
7043
7445
7286
6595
7468
7194
6979
5019
6608
6603
6600
6361
6735
6550
6572
6575
7374
5246
5584
7408
7006
7422
6587
7394
7157
7348
7266
7411
7417
7410
7380
7346
6588
6545
6540
6539
5316
6530
7384
7332
7187
7159
7115
7101
7098
7013
6730
6639
7344
7370
7282
7369
6481
6456
6518
6493
6491
6492
6688
7198
7281
7367
7219
7274
6801
7338
4345
5371
6440
7116
6524
4367
5585
3631
666
7226
7205
6412
7132
7323
7330
6446
6387
6377
6317
379
6360
7299
2984
3488
6772
6281
6246
7054
6262
6352
6227
6621
6155
6186
7213
6182
6184
6187
7158
7196
3317
7192
7248
5550
7037
6926
6599
7231
7244
6125
6123
4966
6710
4297
6757
2146
7113
6001
7199
6018
6016
3996
3601
6000
5989
5988
5829
4961
2832
3187
3864
2432
4744
5968
5929
1548
5963
5953
5951
5959
5955
3797
2872
2753
7122
7189
7179
4471
5578
2234
5876
5385
1564
5907
5043
7182
7155
7097
7167
5884
7005
5886
7131
5223
7150
7128
7052
6568
7139
7100
1890
7140
7135
5832
5650
7063
5452
5815
5848
7123
6814
6952
5498
4650
5800
5794
6602
4699
6080
6449
6396
6961
6200
6569
6760
7084
7093
7034
7047
6997
5778
6889
6386
5777
6749
6234
6423
7036
5071
5278
5827
4923
6884
5758
5755
5754
5753
3824
5747
5746
6085
7053
7041
5730
3280
6656
7002
6891
4080
6955
3498
6985
6225
7027
7001
3945
5724
3227
3392
4392
6851
4093
6210
5691
6682
5586
6807
7009
3497
6903
6956
4816
6999
6659
6931
6991
6957
5669
6963
6222
6286
6204
6619
6982
6958
6834
6847
4020
3577
6676
5661
6558
6683
5314
5311
6691
6679
6407
6251
6364
6280
6240
6207
6111
6112
5960
5931
5892
6743
5378
5844
5275
5012
6583
6874
6605
6644
3838
6906
6944
6567
6101
5635
5771
5773
6358
5634
6711
6883
6898
6882
4797
5630
6881
5629
6318
3193
1691
6213
4087
4690
6867
6823
5605
6201
6522
6800
6802
4843
6378
3614
5559
6841
6844
6849
6836
6646
6694
5744
6278
6642
6815
6786
6589
6631
6831
6643
6681
5517
6829
6825
5525
6784
6793
6739
6768
6718
6340
6509
6728
6638
6180
6736
5499
6584
5513
5395
5447
5488
5463
5475
5185
5179
3783
5095
4162
6740
6495
5448
6716
6284
5807
6090
6585
6685
5495
6693
6707
6700
5426
5520
6139
6701
5188
6590
6306
6337
6366
6439
6498
5420
6580
6581
4910
5410
1340
1623
5699
6455
6624
5404
5403
5402
5366
5382
6649
6615
5759
6665
6484
6486
4934
5375
6604
6628
6508
6169
4679
4813
5368
6430
6119
6120
6104
6189
6384
5496
6294
3913
5418
4433
5358
6534
3670
6208
6435
6598
5887
6565
5336
5270
6564
6415
6061
6563
4625
5296
802
5283
5273
4975
5259
5857
6311
3625
4338
5444
6501
6411
6500
5232
5339
6379
6250
6438
6460
6429
3443
6290
6450
5567
6459
4792
6410
6432
5486
5487
6277
6356
6336
6441
5183
5839
6382
6374
6402
5152
4619
6163
6346
6009
5433
4784
6381
6228
5038
6273
6239
6347
6320
3180
6094
6307
6126
4600
4181
6348
6330
5204
6334
6135
6149
6156
6322
6298
6275
6198
6072
5367
5106
5093
6083
6289
6271
6261
4275
4608
6276
6129
6266
3409
4929
4882
6241
6108
6114
5979
5073
2541
6230
6244
6232
6154
6116
4877
4780
4954
2816
6215
5971
6196
5581
5036
6162
5360
6122
5656
6153
6074
4779
5026
4912
5551
5774
6078
5074
5840
6065
5344
6053
6121
4255
5294
6003
6103
5923
6087
5563
5964
4678
6066
5529
4972
6051
6077
4596
5112
6042
6043
166
167
169
168
853
1406
1424
1384
1376
986
949
946
905
683
800
795
716
203
794
333
12
207
591
706
2311
2318
339
646
163
1039
1473
1940
1856
1363
1786
1759
1758
1753
1752
699
703
681
1645
1643
1531
1578
686
632
546
194
631
3286
3142
3103
3135
3133
3125
3047
2880
2840
2791
2718
2689
2662
2700
1366
2646
2621
2614
2629
2482
2561
718
2543
2276
2103
3977
3423
4001
4003
4000
3882
3815
3721
3598
3526
733
3618
3536
3554
3530
3124
3422
3406
3217
3368
3365
3353
2965
3995
4216
4437
4344
4339
1284
240
3581
3513
717
4222
2713
2714
3278
3340
3370
3622
3613
4178
3930
3112
4045
4042
4722
4691
4694
4695
3902
4638
4675
4567
4247
208
4487
4440
4612
4611
2905
4622
4324
4570
4610
3408
436
3289
4948
4426
2878
4928
4867
4861
4808
4807
4825
4815
4802
3766
4793
4787
4624
4764
5035
6052
5643
4381
6029
5998
4728
5277
6017
2491
5321
6047
6034
6012
5756
5117
5849
4829
5451
3610
3880
5637
5458
5991
5878
5566
5406
6005
6004
4846
4393
5984
5200
5156
5150
5136
5135
5981
5670
4031
4915
3205
2274
2285
1223
5950
5698
5954
5365
5626
5938
5934
5942
1280
1282
1301
1300
1299
1298
5898
2854
5870
5895
2885
5936
5948
3891
3893
3900
3950
4024
4892
4028
4543
4510
2544
5877
2583
2560
1586
663
692
2341
2454
4470
4509
2693
940
5900
4922
296
693
5356
5935
4637
3092
1279
1192
1263
4018
3583
3458
3372
3330
3276
3140
3015
2312
2235
1826
1455
2039
2571
1828
1630
2404
3188
2460
2505
2506
2616
2619
1679
1712
2032
1837
1565
1401
1407
5889
5921
5904
5392
5705
5885
5825
5903
5909
4862
5739
5814
5891
5583
5813
4866
5816
5527
5474
5526
5745
5573
4439
5018
5837
5729
5798
5828
5604
5180
1369
5624
5645
4228
5345
5593
4590
4747
5682
5421
3078
4819
5649
5315
4999
5063
5235
5213
5306
5357
5571
3666
5738
5303
5715
5423
5422
5620
5374
5706
5542
4772
2871
2594
3399
3544
3884
3221
4136
3849
2577
4721
3241
1879
3825
5361
3749
4268
4264
2704
3681
4066
4122
4027
3881
4110
4163
3574
3639
4564
4831
3857
3763
3740
3737
3579
3578
3469
3960
3949
3716
3649
3599
3450
1235
1244
3230
2731
3457
3804
3363
3093
3070
2792
2622
2609
2848
2559
888
2493
2490
2338
3586
3587
737
5523
1847
1845
1726
1719
4416
2284
5425
3675
4033
3901
5694
5709
4106
2998
5688
5597
3159
3046
5681
5603
5662
5673
5449
5401
2814
3041
3206
5636
2869
1833
4207
1720
5582
3883
5613
5623
5286
5599
5621
5616
2934
5561
3226
4073
4681
3604
4938
4783
5031
5226
4558
4380
4404
3352
4327
5347
4108
3911
5353
5310
5292
5064
104
2503
2213
1970
1765
1633
1592
1378
1288
1184
913
875
651
730
567
5184
5591
796
5260
5021
5570
4860
5293
5568
5467
5224
4431
5243
5558
2892
4732
5439
5549
3153
3080
4850
2440
5324
4932
5483
5535
4251
5400
4283
4274
4270
5113
4249
5313
5058
5511
5457
5484
4848
5485
5103
5465
5028
5482
4969
4253
4359
4881
5440
5468
5446
5464
4730
4229
4261
5429
4323
4823
4435
5372
5147
5172
5369
5342
5399
5416
5307
3828
5088
3004
3978
4044
5390
5398
5383
4515
5066
5387
5386
5393
4842
4739
5276
5327
4835
4952
5265
4724
5131
669
5337
5332
4615
5326
5285
3923
3130
5140
5084
5086
5085
5082
2825
1391
5299
1939
3931
2937
5267
5154
4279
5083
5171
5261
5248
5253
5255
4826
3431
4857
4851
4865
5138
5042
4167
5014
5170
5079
4676
4354
3981
5211
5212
4817
5214
5201
5132
5024
5164
4880
5199
5130
5023
4670
5187
3752
3441
5100
4795
4735
4689
4280
4266
4276
4824
5146
5148
4854
5155
5127
5157
3131
5078
4767
4301
5139
4995
5141
4920
4998
5000
5120
4931
5047
3732
4970
2566
5070
4281
4250
5115
4662
4820
5097
5091
3116
3194
4300
4671
3642
5059
5107
4438
4992
5060
2909
2930
3307
3510
3665
3723
3805
3955
4174
4175
4235
5015
4455
4460
2343
5057
4413
4887
5022
4930
4806
4926
5030
4983
4775
4858
4748
4154
3094
4799
4900
4904
4873
4901
2696
3430
3296
3275
4561
2820
4225
4226
4267
4963
5013
4790
4863
4864
4996
4849
4937
4986
4965
3305
4976
4964
4841
4598
4960
3999
4968
4967
4214
4950
4940
209
4941
4423
4844
4936
4702
4921
4913
4917
4914
4126
4800
4883
4874
4905
4899
1319
1539
1540
2933
4876
4734
4718
4832
4890
4871
4852
4794
4709
4855
4753
4821
3234
4095
4803
3233
4853
4818
4040
4023
1349
4801
4743
4223
4708
4653
3412
4759
4701
4474
4754
4643
4417
4402
4648
3455
4504
4309
4809
4667
2515
4760
4763
4782
3508
3677
3420
2444
2303
1876
3959
3371
3512
2581
1419
1417
1344
1649
2647
4118
1501
1264
1262
4781
1100
4778
4789
3440
3947
4212
3689
4696
4756
4415
4757
4663
4666
4669
4719
4755
4639
4746
3501
4736
4737
4726
4673
4672
3336
4542
4534
4729
4065
4490
4707
4554
4684
4508
4597
3359
4565
1228
4419
4563
4424
4421
4623
3285
3284
3282
3924
4607
4665
4196
4652
1821
1883
1907
4630
4128
4664
4651
4056
4099
4628
4588
4550
4506
4593
4632
4631
664
4587
4535
4299
4328
4586
4109
4284
4498
4529
4609
3500
4602
4574
4584
4585
1216
4012
3603
4347
3414
4362
4334
4127
4539
4551
4583
4295
4541
4582
3161
3993
4414
4456
4547
4473
4387
4343
3327
3630
4173
4492
4271
4105
4486
3803
4530
4527
4476
4518
4485
4496
4491
3151
4325
4425
3919
4278
3925
3380
3058
3364
4450
4483
4443
4410
4206
4215
4409
4466
4427
4192
4265
4478
4353
4292
4062
4201
4290
3941
4398
4389
4405
4123
1703
4396
4195
2038
1844
1581
1550
4320
3397
3095
4298
4310
4394
4361
4395
4177
3600
3910
3231
3683
3640
4075
3398
3539
3944
3994
4360
4296
4371
4171
4119
4240
4369
3942
4318
4053
4351
3922
4282
4234
1678
3966
4259
4316
4312
4335
4330
3946
3785
3784
3927
3792
3827
3793
3467
3929
3984
4034
3963
3898
3346
3982
3787
3948
2643
3014
4208
4091
4139
3920
3456
3417
3813
3799
1200
3921
3667
4077
4016
4273
4269
3940
4183
4227
4199
4218
4006
3211
3822
4166
4197
2479
4180
3939
3616
4010
4043
4038
4008
3611
3558
3342
4149
4115
2598
2494
2569
2582
2603
2623
2633
2728
2712
3132
4145
3745
3495
3561
3760
4107
3953
3823
4155
3738
3852
3976
4072
4
3527
3937
4082
3559
3699
3847
3877
2855
3958
3926
3938
3798
3459
3761
4026
4009
3853
3987
3932
3832
3915
3907
4081
3934
4078
4037
3983
3869
2787
3961
3463
4029
3624
3411
3774
3708
3782
3912
3903
3637
4021
2983
2923
3156
3438
3821
3878
3177
3935
3174
3876
3850
3401
3499
3562
3777
2867
3360
3839
3789
1659
3382
3560
3021
2605
2694
3154
3916
2219
1416
1395
1206
1127
3383
2865
2864
2798
2655
2626
2478
3569
3820
3690
3648
3698
2912
3214
3765
3885
3818
3817
3706
3082
3085
3888
3748
3701
3619
3906
3781
3856
3172
3841
3318
3814
3851
3874
3806
3050
3705
3862
3870
3108
3868
3250
2920
2307
2964
3702
3719
3854
3778
3788
3845
3786
2308
1684
1806
3641
3295
3593
3489
3830
1664
3775
1251
3314
3819
3767
1205
3780
3643
868
3764
3770
3757
3703
3773
3571
2938
2958
3755
3538
3491
3638
3713
3651
3176
3555
3143
3479
3684
3739
3022
3633
3644
3735
3729
3388
3654
3650
3573
2664
2701
2785
2764
2570
2578
2573
2579
2576
2512
2580
3694
1858
3575
3629
889
3678
3591
3632
3700
3612
1849
3620
3590
3685
3568
3439
3481
3682
3652
1722
2819
3606
3564
3203
3656
3319
3635
3537
3545
3567
3609
3588
3580
3503
3462
3064
3007
3196
3261
3293
3189
3181
2826
3281
2874
2654
2977
3059
2772
1680
2824
674
3361
3333
3060
2120
1963
1958
1953
1913
1380
1287
3304
1214
1211
1208
1136
1107
1038
930
1144
3328
941
3201
3127
3621
1682
1704
1841
1846
1962
2070
2200
2230
2379
2427
2434
1632
1674
1618
3460
3089
3269
3617
3615
3035
3582
3427
3594
3394
3472
3379
3477
3009
3572
3520
3248
2448
3492
3424
3369
3051
1785
3485
2492
3511
3509
3111
3551
3525
3322
3550
3325
3482
3448
3478
3505
2699
3312
3013
3377
3426
3433
3224
1176
1220
3326
3003
3316
3139
3223
3229
3252
3442
3331
3429
3386
3432
3011
3350
3418
3349
3366
3407
3416
3268
3123
3313
3341
3396
3294
2287
2999
3210
3069
2522
3102
3178
3351
3271
3055
3337
3320
3292
3321
3146
3083
3240
3249
3256
3277
3267
1629
3243
3010
1503
1504
1507
1508
3300
3213
2719
1267
3126
3145
3118
2751
2987
1723
3232
3006
3244
2862
1840
2903
3091
2661
3274
3208
3263
1655
1654
1653
1543
1510
584
2989
1745
1834
2883
3042
3220
1947
1971
1979
1980
1981
2022
2033
3141
3246
3163
3242
3209
2420
1552
1936
2979
2978
2763
2789
2980
2680
2709
1352
1243
1420
2650
894
1699
2376
1677
2485
2688
2811
3170
2257
1657
1575
1342
1230
1089
963
891
2378
2317
1997
1350
2125
2222
2161
2306
2281
2305
2377
2617
2842
2635
2843
789
697
1303
3096
2408
3008
3012
3158
3185
2882
3081
3157
3067
3076
3166
2294
3037
2972
3136
3005
2963
3152
3052
3054
2908
3134
2960
3129
2985
3049
3074
3105
3099
2754
3075
2906
2727
2991
2757
2720
2653
3001
3038
2852
1687
2602
2668
1048
2935
3057
2881
3062
2810
2809
2971
1774
3028
3016
2313
2986
2834
3034
2334
2352
2539
2822
2900
2925
2990
2949
1604
2426
2914
2419
2982
2952
2974
2975
2942
2870
2805
2604
2812
2417
2981
2995
2924
2950
2976
2868
2314
2970
2782
2957
2959
2526
2961
2951
2793
2721
2927
2921
2808
2823
2029
2879
2702
2813
2511
2530
2428
2889
2899
2894
2904
2659
2009
2642
2645
2760
2886
1708
2863
2756
1379
2669
2620
2118
2775
2683
2762
2335
2590
2636
1209
2773
2682
2698
2565
2256
1522
1961
2784
2755
2613
2044
2780
2788
2769
2771
2652
2464
2518
2651
2467
2466
2706
2750
1875
2374
2752
2521
2528
2729
2725
2546
1690
2504
2640
1393
2690
2674
2695
2705
2711
2548
2703
2697
1528
2678
2686
2672
2673
2676
2531
2679
2658
2608
2606
2589
1529
1511
2667
2666
2665
2610
2631
2628
2618
2615
2648
2660
2627
2517
2516
1996
2637
2641
2644
2639
1224
2523
2630
2632
1547
2423
2473
2547
2435
2538
1923
2014
1341
2468
2210
2488
2436
2445
2558
2533
2442
2425
2449
2529
2475
2456
2437
1626
1898
2228
2534
2484
2520
2513
2351
1246
2465
709
2329
2344
2508
2507
2391
1912
2447
2380
2463
2469
2472
2474
2476
2480
2424
2418
1388
1951
907
1105
2261
1537
1175
883
672
2453
2342
1202
2438
2035
2429
2331
1634
620
2000
2310
1546
1835
2177
2292
1784
1880
696
2413
2348
2327
2225
2403
2332
2395
2381
2004
2330
1436
2185
1805
2333
1887
2372
2371
2270
2315
1926
2350
1426
1705
2288
1116
1193
1068
1255
1640
1445
1490
1480
1476
1440
1219
1102
678
877
1952
1524
2290
1631
2266
2162
2250
2251
2220
2259
2260
2262
2255
2248
2254
2242
565
1468
164
609
213
1668
1573
1423
1518
1435
148
1571
1602
1741
1567
1525
1585
1523
1448
1666
1693
1989
1874
2167
2233
2205
2241
1387
1099
1347
955
2194
2243
741
2136
2221
1386
2212
1286
2223
931
1944
1814
2045
851
1701
1025
954
1460
1610
1644
1748
1662
1855
962
581
1373
1908
2106
1867
1709
1991
2133
1813
1905
1946
1948
1993
1843
1773
1526
2130
1621
1954
2119
2084
2083
1863
1862
2082
1441
2081
2079
2076
2078
1992
2040
2139
2144
1816
2180
1829
1474
2099
2105
2073
1956
1864
1569
1744
1983
1976
1994
2142
2182
1988
1902
1817
2131
2175
2189
2197
2096
2102
2153
2054
2132
2128
2172
1730
2034
2170
2100
2019
2166
2163
2156
2160
2152
2060
2122
2104
1877
1612
1599
1717
1799
1787
1797
1527
2088
2021
1866
2072
2075
2061
2123
2025
2116
1768
1770
1130
2069
2031
1978
1091
1906
2023
2101
2089
2093
2059
2087
2094
2048
1999
1915
2020
2042
1973
2046
1968
2057
2064
2003
2049
2016
1972
2041
2018
1949
1969
1990
1870
1977
1601
989
641
1848
1624
1975
2001
1818
1580
1941
1935
1899
1779
1945
1965
1897
1851
1888
1713
1917
1827
1893
1658
1853
165
1903
1886
1775
1824
1854
1810
1822
1646
1517
1802
1574
1801
1605
1804
1698
1778
1706
1628
1792
1731
1747
1746
1769
1776
1790
1652
1750
1324
1295
1777
1772
1617
1702
1721
1404
1337
722
712
1418
1683
1696
1397
1694
1692
1536
1672
1611
1648
1305
1625
1622
1593
1609
1469
1486
1015
1050
1195
1051
1535
1613
1521
1595
1250
1475
1588
1534
1533
1495
1558
1576
830
1532
1553
1399
1488
1520
960
1467
640
1514
1171
1390
622
1283
661
1502
1499
1207
1489
1411
1491
1479
1481
1161
1382
1383
1381
1421
1458
1438
1394
1409
1439
1396
854
1414
916
1354
855
847
1088
1432
1430
1385
1389
1402
1410
1422
1415
1247
1210
840
656
1059
1292
1302
1358
1359
914
753
1290
1338
1323
1266
1274
1351
1291
1362
1236
1277
1212
1285
1217
1297
1355
1325
1336
650
1260
1256
873
876
867
1172
1245
1218
1234
1204
1215
1222
919
921
1042
892
1028
1186
1016
1180
1177
1170
1191
1179
993
1174
1173
1148
1165
1155
1163
1096
860
1117
1157
1154
1111
1156
1140
658
848
1108
1151
1087
1098
1072
1134
1142
1143
1110
1067
676
837
1138
846
1135
1057
1120
1121
1122
1123
801
871
1114
1118
1124
662
1112
1106
1101
1097
762
850
880
1046
1084
1082
1070
700
679
872
317
468
710
936
937
929
922
890
1056
1029
924
923
920
900
885
1075
1076
1066
971
1055
1062
1036
1045
945
1041
1049
1034
984
1031
994
996
1030
1004
997
1026
1024
1021
1020
1023
1017
1013
1014
1003
999
998
1001
1000
1002
1006
1005
974
983
973
987
793
981
978
980
990
976
958
585
599
629
827
912
928
934
935
943
964
961
904
621
911
834
725
898
896
643
874
881
882
878
780
836
598
866
845
865
856
857
849
842
807
833
779
635
761
821
815
659
772
752
812
775
778
776
628
719
774
729
630
162
791
529
738
648
698
597
7
627
633
714
720
731
732
739
742
747
748
754
764
777
783
682
684
685
687
688
691
694
695
701
702
713
652
653
654
655
657
660
665
667
668
670
673
675
677
680
634
636
637
638
639
642
644
645
647
649
543
393
607
278
539
557
528
588
98
615
608
610
611
601
602
603
600
334
594
596
595
593
568
579
561
580
573
587
586
577
559
570
562
492
553
547
550
560
448
556
552
554
473
545
549
445
510
537
538
288
304
344
523
186
189
491
522
526
532
527
530
518
517
524
509
514
508
484
295
352
505
506
496
499
414
503
495
494
483
497
485
488
478
435
459
446
477
475
472
471
476
474
440
452
438
462
437
428
429
432
434
463
433
417
430
455
457
454
456
450
451
431
422
444
325
441
439
406
421
418
315
322
413
415
423
408
363
407
400
397
405
381
399
395
398
391
348
366
382
384
392
394
371
372
387
297
226
388
383
378
224
264
355
368
375
370
373
341
218
362
364
367
353
361
349
343
235
350
354
225
301
298
303
351
346
312
313
329
293
286
283
254
292
316
247
314
282
280
274
275
291
300
324
294
318
308
309
262
290
287
281
284
285
289
269
302
299
263
265
266
259
253
255
272
69
61
170
70
141
91
267
252
230
192
232
243
242
249
248
183
211
238
245
237
231
246
74
205
227
210
145
122
196
190
195
191
95
199
198
197
144
188
35
108
156
125
173
174
182
184
160
102
106
124
159
172
147
171
177
178
110
152
123
151
100
119
93
116
103
138
31
133
131
71
76
89
90
94
113
25
30
39
40
49
50
54
66
67
120
87
21
86
6
107
114
105
115
121
111
101
77
99
45
82
73
26
88
83
51
43
29
81
1
17
34
79
44
55
53
41
22
5
20
46
24
33
27
28
23
