4370
4029
4239
4293
4334
3964
4364
4026
4354
4359
4358
4118
4350
1876
4346
4171
4258
4248
4332
4331
3989
4066
4341
4339
2444
4329
4333
4312
4330
4288
4311
4313
4321
4317
4314
4264
4281
4212
4292
3887
4303
4291
3641
4233
4238
4234
3689
4285
4284
4262
4280
3613
3026
4266
4198
4259
3212
3672
3900
4211
3669
3708
4260
4261
4150
4098
3938
3804
2335
4097
4251
4247
4241
3778
3930
3111
3968
4245
4243
4242
4230
4240
3734
4227
4205
4215
4185
4184
3664
4196
4166
4210
3510
4202
4188
4189
4195
4130
4193
3937
4176
4146
4173
3873
4172
4143
4144
3404
4174
3812
4157
4055
4162
4117
4127
4154
4070
4147
3895
3984
4080
3994
3995
3814
4106
4099
4108
4107
4042
3947
4105
4085
3993
4061
4076
4103
4090
4089
3985
4062
4063
4067
3975
3700
3963
3998
3896
3437
4040
3112
4045
3639
3956
4041
4039
3632
4032
4035
4031
4022
3899
4006
4005
2521
3879
4010
3980
3987
3992
3991
3990
3843
3686
3922
3765
3901
3949
3969
3707
3699
3960
3953
3795
3882
3939
3715
3932
3929
3909
3908
3902
3870
3878
3889
3634
3536
3504
3615
3678
3767
3788
3785
3872
3705
2327
3750
3859
3853
3770
3772
3768
478
3824
3505
3811
3724
3784
3786
3787
3688
3687
3616
3617
3685
3691
3625
3780
3703
3766
1997
3732
3588
3704
3723
3735
3713
3695
3612
3656
3460
3744
2748
3649
3733
2394
3667
3730
3643
3709
3718
3702
598
876
1096
1785
2364
2449
1013
1611
1548
1557
1333
1435
1255
1264
1168
1234
1100
1130
1080
1077
1049
1076
800
2371
1815
1891
1773
1769
1709
1719
1707
1708
1676
1616
1635
1614
1039
1098
1202
1256
1007
1064
1171
821
897
3651
3654
3701
3698
3694
3661
3690
3442
3089
2734
2629
3435
3679
3676
3549
3500
2254
3663
3662
3516
2691
2503
3398
3607
3627
3092
3238
3237
2742
2847
654
644
630
629
582
581
580
560
538
522
521
502
496
495
454
435
434
420
3482
3032
2947
2803
2840
2701
2278
1483
1248
1206
1212
1000
990
987
958
980
957
956
909
887
765
883
754
691
664
3648
3469
3209
2989
2981
2848
1617
2009
3638
3636
2005
3001
3633
3628
3002
3561
3584
3618
3422
3614
3478
3527
3533
3541
3579
3101
3556
3514
3550
3517
3573
3578
3605
3567
3601
3543
3507
3465
3208
2844
3528
1581
3575
3548
3562
3554
3572
3210
3216
3169
3087
2566
2139
2031
2115
1692
1664
2715
3468
3302
2858
3390
3423
3512
3539
3535
3518
3448
3524
3513
3432
3433
3455
3200
3431
3440
3474
3492
3480
3501
3458
3386
2638
2962
3424
3416
3166
3457
3472
3403
3421
3379
3388
2342
3266
3446
3394
3405
3444
3436
2994
2820
2967
3418
3091
3427
3409
3355
3413
3414
3407
1905
2983
3242
3241
3369
3351
3326
3151
3156
3267
3373
3031
3307
1488
3264
3338
3159
1864
3295
3189
3297
3319
3357
3260
3249
3344
3316
3276
3314
3329
3337
3296
3176
3251
3173
3069
3298
3323
3308
3315
3306
3270
2961
3118
3061
3285
3280
2944
3274
3265
3247
3230
3114
3141
3102
3154
3220
3207
3211
3196
3187
1147
1963
2134
2553
2567
2824
2904
3006
3033
3044
3068
3083
3098
3058
3177
2910
1430
3164
3143
3130
2421
3147
3155
2023
3144
2956
2700
3028
3128
1712
3115
3127
3093
2926
3103
2157
3108
2028
2732
3106
3097
3073
2953
3008
2880
3085
2664
3010
3077
3078
3075
3051
3072
2936
3015
2982
3049
3055
3019
3037
2985
2984
3041
2990
3020
2806
2883
3014
2946
3030
2968
3011
2996
3000
2977
2972
2995
2666
2888
2991
2929
2958
2938
2763
2979
2488
2959
2971
2857
2812
2949
2889
2739
2945
2941
2942
2939
2900
2923
2616
2902
2329
2538
2286
2741
2611
2612
2930
2830
2841
2870
2895
1190
2778
2882
2602
2834
2871
2854
2838
1678
2775
1996
2801
2176
2771
2805
2545
1861
2112
2780
2770
2772
2744
2485
1733
1806
2107
2131
1914
2731
2727
2656
2695
2419
2541
2689
2563
2639
2262
2706
2705
2555
2698
2681
2573
2094
2624
2679
2662
2585
2576
2557
2552
2498
1784
2657
2644
2655
2637
2528
1835
1881
2466
2550
2617
2578
2440
2385
2584
2564
1666
1690
2033
2259
2437
2438
2526
2487
2570
2582
2511
2554
2583
2569
2114
2406
2524
2536
2169
2457
2087
2245
2275
2512
2514
2443
2502
2477
635
884
2069
2420
2430
2316
2313
2475
2468
2454
2452
1637
1775
2082
2446
2377
2429
2393
2225
2428
1661
2026
2273
2088
1260
964
991
1055
2060
2063
2128
2207
2293
2282
2325
2322
2354
2409
2372
2407
2408
2186
1872
2332
2370
2357
2360
1237
2159
2334
2276
2328
2323
2271
505
1643
2274
2280
1890
2224
2170
2052
2258
1932
2267
2236
2250
2256
2255
1788
1944
2189
1621
2127
2074
2232
1787
2237
2227
2220
2214
2215
2205
2204
2208
2203
2113
1720
1053
2099
2129
2185
2064
2120
2133
1205
2161
2053
1307
2140
2058
1994
1993
1947
1942
1691
1653
2050
2043
1939
1992
1987
1926
1902
1619
1426
878
2086
2141
2123
2146
2118
2119
1209
2124
1674
1883
2061
2066
2048
1863
1897
2110
2102
2046
2097
2093
1512
1669
2035
1879
1982
2067
2054
2042
1434
2045
1943
1971
1995
2004
2006
2037
2022
1980
2030
1998
2013
2003
2011
2020
2010
2015
2014
1582
1289
2012
1988
1991
1964
1965
1974
1917
1978
1908
1823
1976
1973
1689
1790
1873
1424
1880
1945
1906
1907
1889
1856
1795
1851
1910
1801
1606
1704
1732
1882
1818
1824
1828
1809
1866
1764
1501
1634
1857
1847
1826
1820
1789
1782
1774
1429
1662
1650
1627
1618
1599
1554
1537
1458
1447
1388
1329
1231
1208
1161
1101
875
776
483
1832
1860
1855
1842
1843
1355
1652
1808
1504
1505
1833
1825
1605
1647
1713
1727
1766
1776
1792
1700
1754
927
1431
1730
1729
1575
1737
1758
1753
1755
1717
1757
1722
1744
673
1706
1705
1723
1715
1269
1665
1584
1677
1698
1660
1680
1679
1427
1487
1436
1571
1411
1131
825
824
1550
1609
1673
1651
1177
1313
1624
1437
1646
1659
1472
1648
1590
1551
1642
1272
1622
1365
1566
1386
1463
1421
1479
1419
1378
1043
1547
1006
1172
1281
1560
1589
1585
706
945
882
1213
1254
1352
1242
1160
1245
1152
1058
830
1498
1464
1568
1459
1509
1387
485
379
1443
1403
847
936
1493
1552
1559
1494
1283
1410
1555
1361
1012
1028
1384
1489
1451
1491
1389
1500
1486
1477
1465
1422
1433
1461
1399
1056
1081
1238
1409
1406
1395
1408
1407
1359
1366
1343
1397
1363
1374
1291
870
914
963
1057
1112
1136
1240
1319
918
923
922
1002
1060
1059
1054
692
1315
1318
1182
1204
1287
1271
1032
553
1173
880
1004
614
891
1175
1186
1159
1162
1194
1178
1139
1170
1067
965
1145
467
254
1109
1115
886
720
623
1127
1090
1106
1031
1089
889
1078
1073
949
1066
1074
1061
1065
1051
1075
908
1033
1017
845
1023
995
917
829
810
905
902
942
885
970
997
932
943
978
540
848
602
955
947
938
939
896
822
930
920
933
907
546
833
532
511
681
757
568
576
729
732
693
864
871
203
338
341
512
561
652
797
850
839
812
619
807
669
714
815
430
730
795
799
798
805
583
779
778
780
710
524
781
742
727
763
771
740
767
724
637
756
755
748
733
694
713
734
716
700
616
698
726
680
638
711
717
704
661
708
670
687
699
690
689
648
509
403
666
658
647
615
592
362
525
499
632
631
626
336
342
604
607
620
411
548
570
463
358
359
354
355
356
357
594
440
575
585
578
565
527
442
464
475
481
533
482
503
519
539
445
335
312
382
374
406
419
373
498
484
384
473
453
401
452
433
421
447
218
408
460
458
446
407
432
431
422
417
410
404
412
337
220
402
385
377
309
296
257
253
394
340
361
209
323
364
375
367
205
329
324
317
287
217
215
281
348
326
314
313
255
136
248
256
320
221
285
239
288
269
247
202
208
275
276
70
22
47
51
52
216
252
244
206
272
207
210
212
219
231
245
246
222
213
211
237
223
214
204
229
224
197
181
10
97
151
147
145
106
135
103
108
107
100
91
94
31
92
165
166
104
117
139
77
81
80
143
137
93
74
115
121
113
105
96
122
111
120
101
82
86
98
79
39
99
28
23
83
30
73
59
68
27
32
29
11
44
49
25
34
20
8
9
12
15
7
3
1
4
2
