11928
11256
12103
12380
12479
12478
12434
12473
12467
12472
12468
12463
12457
12334
12357
12401
12278
12437
11462
11616
12425
9320
4900
12411
12323
12422
12248
12346
12415
12404
12406
10910
12396
12381
12261
12382
12367
12373
11823
9994
12348
11996
12330
12187
11926
11451
11832
12050
12215
11545
10280
12080
12265
12366
12255
12353
12257
12274
11697
11580
11542
12176
11471
12043
12320
12331
12328
12276
12206
12311
12317
9440
9192
9473
11130
11438
11611
11831
12303
12281
11921
11841
12289
11913
9913
12275
12266
12269
12259
12253
12252
12213
11985
12182
11852
12229
12122
12223
12218
12209
12208
12195
12197
12180
12201
12194
12186
11077
11952
12105
11905
12161
11619
11623
12013
11924
12033
12066
12153
12137
12142
12053
11327
12000
12112
12104
10119
12099
11700
12090
12089
11509
12081
12079
11983
12064
12065
11279
9674
12035
12048
12042
11984
11998
12006
11994
11948
11456
11978
11934
11880
11943
11966
11672
2910
9351
10920
10904
8785
11747
6746
10719
10796
11881
11837
11651
11643
5216
8921
11765
11774
11571
11522
11422
11549
11384
9118
11122
11381
10586
10844
10794
10179
10001
8958
10489
10585
11843
11799
11839
10725
11579
11750
5769
11582
10923
11781
11717
11782
11758
11769
11628
11508
11715
11753
11740
11737
11707
11676
11702
11444
10458
11587
10037
11150
10487
9031
11393
8123
8126
10442
10593
9034
9370
9514
9215
11031
11414
11070
11510
11466
11551
9293
11576
9745
10242
10805
11625
11627
11641
11699
11692
10006
10153
11322
10892
10832
11200
7950
9895
11663
11423
11219
10292
11640
8092
6622
11604
11649
11632
11626
8459
8093
11544
11620
11581
11608
5132
11592
11595
11573
11148
10339
11448
10822
11574
10100
11490
9398
11529
11554
8259
11539
11478
9049
11505
11553
9385
11548
11504
11531
11497
11431
11533
11525
11430
11532
11433
11442
11518
11447
11520
11516
11517
6837
6798
6317
6382
311
11383
11507
11399
11500
11496
11494
11481
11491
11472
11476
11113
11477
11418
9789
11479
11464
11475
11474
11473
11469
11454
11465
11364
11461
11449
11450
10231
11415
11437
11436
10322
11238
10877
10909
11178
11270
11277
11432
11352
11337
11336
11335
11366
11289
11343
11392
11400
11405
11401
11408
11409
11367
11009
11376
11382
11361
11379
11378
11287
10410
11286
11351
11365
11348
11358
10720
11149
10695
10327
11293
10491
11155
10286
4003
11297
11139
11298
11288
11291
11183
11202
11285
11177
11114
11179
11258
11220
11173
11211
10588
8955
9850
10536
10279
10257
10165
10149
10197
9883
6980
11109
10853
11101
11218
6534
10826
11189
11181
11188
11001
11187
11180
11147
11161
9276
11102
10777
10782
11138
11069
11110
9330
11111
11108
10983
10342
10857
11112
11095
11089
10131
10087
11045
11044
10827
10834
10047
11064
11056
11061
11063
11047
11016
11051
10053
11054
11048
11028
10934
10589
10147
10809
10948
11020
10858
10999
10949
11000
8943
8072
10813
10596
10429
10494
10484
10641
10859
10902
10745
10788
10901
10828
8845
9427
10272
5167
9070
5131
10734
10043
10132
10922
10856
10911
10899
10891
10795
10869
10870
10690
10810
10469
10848
10821
10807
10835
10843
10838
10780
10797
10743
10790
10781
10771
10779
8874
10770
10718
10759
10754
10755
10737
10694
10716
9791
10712
9389
10099
10220
10670
10261
9400
10519
10631
10294
10628
9708
10638
9675
10467
10635
10617
10601
10612
10575
10587
10545
10317
10602
10570
10573
10551
10531
10443
10530
10544
10134
10251
10476
10051
10120
10156
10228
10293
10507
10160
10460
10445
10462
10411
5682
10478
10474
10465
10468
10448
10431
10420
10393
10383
10254
9958
10094
10068
4777
10287
9917
10263
10268
9975
10202
9971
10107
10135
10148
9970
10181
10036
10198
5451
6738
6902
8080
8786
8787
9726
10096
10098
10138
8985
10059
9462
10095
9757
9972
8323
10078
10050
10035
10067
10046
10038
10048
9869
9771
9214
9278
9159
8365
6327
9612
9596
9568
5783
7342
7905
9613
9614
9942
9990
10008
10023
9905
9454
9973
9877
9800
9962
9950
9935
9025
9947
9940
9941
9787
9897
5134
9842
9739
8664
5418
9471
9851
9844
9716
9512
9188
9823
9609
9826
9824
9744
9812
7817
9515
9720
9788
9773
9749
9762
9753
9030
8878
6701
6043
9724
8483
7042
8416
9737
9741
9738
9736
9371
9733
9721
8638
9166
9100
9665
8331
9668
9545
9610
9669
9681
9686
9536
8908
7510
9391
9629
9662
9616
9627
9636
9647
9652
9615
9628
9574
9534
8736
9516
9523
9531
9450
9461
9507
9480
9472
9423
9065
9441
9443
9429
9420
9333
8930
9357
9347
8954
9280
9181
9119
9302
9263
9246
9267
9300
9265
9260
9314
9180
9032
9281
9261
9185
8755
9262
7810
9247
9216
9161
9258
9217
9235
8880
8863
9141
8300
8205
9156
7514
8071
9041
9151
9071
7985
9133
8778
9127
9052
9126
9019
9088
9098
9091
7237
8893
8709
6942
9023
8504
8606
9040
9021
9029
9036
9028
9014
9015
8168
8974
8983
8989
8979
8852
971
6891
7333
7986
8035
8124
8170
8873
8569
8850
8935
8901
8913
2757
8886
8879
8877
8372
8824
8738
8853
8783
8848
8849
8833
6850
8821
8819
8814
7893
8298
8466
8223
8074
7818
5717
7939
8622
8570
8702
8692
3745
8572
8655
8427
8144
8169
7739
8603
8209
8612
6825
8577
8513
8201
8353
7887
8537
8546
8565
8486
8547
8516
8500
8404
8419
8181
7997
8509
8396
5976
8430
8502
8374
8481
8314
8351
5663
8324
8383
8194
7108
8401
6950
6669
7806
8414
8410
7924
8411
7871
8369
7208
8188
7734
8064
8355
8346
8333
8274
8327
7813
8105
7845
8294
8290
8283
8282
8172
7980
8116
8240
8138
8154
8157
7888
8118
8134
8185
8208
8066
8198
7838
8176
8180
7898
8152
8059
8177
8174
8173
8108
7984
8115
8091
8131
8056
7724
8008
8054
8073
8001
7989
8128
5597
7995
6329
7339
8055
7907
5660
7509
8112
8070
7894
7969
2243
7827
8014
7220
8052
8037
8049
8050
8032
8017
7996
8016
7955
5721
7807
7196
7791
8005
8010
7918
7972
5450
6873
7987
6445
5337
7703
7668
7976
7673
7903
7933
7900
7944
7764
7929
7911
7382
7908
5768
7750
7862
6561
7424
7732
7856
6682
7798
6236
7859
7860
7867
7857
7828
7161
7787
7711
7829
7749
7620
7815
7485
7788
7076
7752
7695
7785
7705
7766
6948
7763
7780
7558
7412
7694
7740
7765
7753
7707
7073
7159
7679
7410
7745
7735
7310
7503
7720
7699
7585
7548
6892
7658
7712
7714
7701
7636
7639
7650
6766
7696
5972
7394
7498
7661
6880
7492
7538
7504
7586
7239
7592
7515
5793
7131
7255
7243
7373
7050
6924
7476
7577
7552
7528
7506
7331
6204
6052
7141
7225
7312
6977
7380
7483
7346
7553
7437
7589
7464
7431
7505
7580
7581
7374
7334
7534
7499
7546
7497
7448
7377
7493
7387
7343
2561
5022
5781
6083
7110
4792
7085
7130
7502
7425
7353
7279
6216
4604
7193
7266
6518
7315
7393
7401
7383
7296
7455
7384
7454
6882
6747
7390
7376
7375
7371
5797
7094
7281
7317
5827
7372
7356
7369
7366
7074
7274
7306
6529
7360
7350
7271
7210
7319
7223
7298
7322
7269
7294
7297
7277
7280
7264
4507
7262
7198
7250
7253
7213
7174
7211
7164
7238
7236
7156
7183
6290
6425
5185
7163
7150
6931
6976
6876
6925
7035
7089
7099
5202
7137
7113
7118
7116
7101
6063
5801
6884
7047
6314
7111
6786
6325
6896
6705
7068
6590
7014
7102
7088
7082
7029
7079
6969
6897
7054
6598
7056
7009
6828
7057
7033
6989
6673
6783
6883
6835
6324
6308
6990
7049
7013
7051
4813
7034
7030
6538
6531
6988
6449
7000
6593
5571
6890
6104
6991
6459
6927
6971
6957
6777
6855
6545
6805
6715
6935
6859
6832
6070
6943
6905
6826
6863
6867
6926
6833
6901
6658
6797
6802
6860
6869
6795
6862
6870
6779
6408
6345
6284
6255
6338
6081
5716
5536
5830
6734
6851
6888
6886
6887
6468
6868
6866
6834
6858
6220
6845
738
6702
6804
6812
6831
5040
6830
6820
6800
6822
6806
6794
6796
6801
6716
6791
6799
6803
6765
6774
6764
6763
6334
6745
6750
4117
6377
6703
6735
6737
6723
6728
6665
6320
6675
6655
6680
6256
6036
5979
5779
6619
6620
6215
6337
5176
6588
6017
6491
6601
6595
6564
6519
6591
6548
5310
6281
6544
6565
5436
6223
6447
6505
6530
6072
6521
6490
6279
6478
6516
4987
6433
6502
6435
6000
6059
6472
4923
5350
6328
6434
6318
6452
6107
6444
6037
6407
6399
4935
5576
6022
6342
6412
6416
6049
6354
6316
6024
5763
5562
5854
6321
6335
6336
6364
5921
6360
3598
5864
6263
5919
6315
6280
6300
5222
6241
6299
6291
6294
6288
791
6145
6260
6133
6273
5456
6257
6238
6245
6244
6103
6247
6229
6239
6235
5647
6068
6078
5423
5439
6227
6224
3166
6157
4882
5806
6206
6106
5980
5638
5659
5875
6127
5885
6040
4418
6183
6163
6205
6196
6195
6198
6144
5808
5588
6076
5970
6178
6176
6130
5857
6148
6123
6156
5957
6158
5851
6139
5907
6111
5981
6116
6082
5377
5600
6110
5692
6051
5658
6121
6120
5448
5993
5826
5649
6074
6032
6088
6100
6079
6089
6077
6006
6080
5265
5372
5410
6060
6034
5989
5630
5425
5933
6029
5130
6005
6011
6035
6057
5533
6038
5360
5956
5961
5986
5990
6009
5935
5196
6001
5338
5878
5992
5967
5882
5937
5929
5603
5897
5901
5918
5922
5680
5912
5924
5920
5896
5911
5902
5883
5578
5482
5489
5623
5861
5868
5898
1930
5718
5844
5665
5574
5631
5390
5031
5143
5483
5651
5729
5812
5823
5731
5740
5494
5843
5385
5840
5838
5538
5816
5526
5746
5566
5749
5693
5796
5771
5804
5741
5572
5720
5189
5715
5752
5754
5306
5655
4814
5753
5696
5530
5748
5735
5736
5733
5719
5700
5434
5711
5552
5703
5512
5617
5438
5581
5564
5412
5599
5670
5635
5481
5470
5640
4741
5531
5586
5648
5587
5612
5642
5624
5633
5580
5629
5625
5616
5611
4232
5503
5540
5487
5556
5585
4846
5593
5240
5590
5549
5521
4958
5405
5485
5579
5493
5550
4734
5437
5433
5546
5555
4891
5513
5553
5490
4586
4916
5510
5452
5059
5395
4681
5537
5484
5429
5468
5247
4217
5270
5542
5352
5522
5476
5502
5514
5509
5486
5373
5508
5506
5491
5496
5345
5477
5462
5443
5305
5427
5380
4702
5430
5371
4222
5030
4964
4939
4884
4885
5404
5362
5327
5359
5104
5375
5268
5188
4970
5227
5358
5340
5333
5339
5065
5291
5290
5311
5116
5288
5282
5226
4543
5281
5283
5275
5266
5157
5264
5211
5267
4781
3983
3001
4512
4618
4723
5051
5210
4024
4666
2546
5232
5119
4738
5114
5212
5201
4180
4952
3420
5138
5186
5088
4691
5171
5164
5175
5153
5154
5155
5150
5151
5152
5135
3898
4815
4969
4868
4640
4762
3214
4132
5112
5105
5091
5080
2849
5072
5002
5074
3509
5063
5056
4836
4955
4231
3687
2974
4986
4805
4843
5008
5015
5014
4998
4980
4990
4957
2311
4927
4929
2766
4886
4685
4756
3133
4450
4589
4887
4875
4874
4829
4773
4864
4859
4757
4807
4842
4295
4582
4816
4703
4673
4727
4630
4683
4580
4801
4250
4783
4730
4619
3696
4517
4652
4591
4605
4657
4278
4611
4708
4212
4249
4578
4631
4686
4667
4123
2285
4544
3917
4706
4623
4684
4583
4676
4425
4632
4055
4170
3162
4479
2273
4662
4568
4633
4588
4621
4542
4554
4503
2011
4465
4491
4569
4462
4140
4412
4267
2689
4565
4307
4246
4424
4353
4498
4510
4556
4379
4508
4509
4445
4296
4301
4526
4538
4561
4555
4482
4531
4500
4444
4481
4511
4446
4492
4476
4484
4469
4467
4331
3835
4441
3970
4099
4236
4156
4119
4122
3991
3852
3532
3899
3277
3501
3063
4165
3791
4060
4426
4378
3923
4184
4415
4283
3441
3066
4403
4358
4370
4386
4272
4098
4273
4363
4224
1430
4137
4259
4218
4351
4326
4317
3949
4254
4078
4083
4248
4124
3997
4052
3462
3259
3222
3603
3691
2955
4238
4277
4274
4261
4258
4257
4105
4235
3891
4057
4221
4225
4120
4138
1614
2617
3497
4177
2981
4183
4068
4069
4056
4097
4067
4144
4174
4169
4162
3865
3960
4161
4103
4141
4145
4126
4072
3686
4131
2384
52
3634
2573
4041
3106
2284
280
3154
904
2298
3668
2739
4013
4116
4064
4113
4076
3875
3874
4088
4073
4020
4031
4029
4022
4016
4038
3972
4036
4037
3419
4045
4021
4018
4019
4035
4027
2591
3697
2241
2522
3937
3974
3982
2289
3636
3733
3664
3952
3985
3755
3938
3890
3969
3971
3901
3979
3973
3965
3593
3947
3885
3347
3628
3817
3943
3895
3900
3849
1909
3777
3853
3866
3864
3844
3909
3860
3867
3756
3819
3848
3858
3665
3809
2938
654
3692
3863
3851
3841
3796
3801
3604
3744
3753
3779
3409
3700
3644
1765
3450
3630
1951
2798
2943
3147
3238
3461
3374
2991
3225
3638
3537
2512
3610
3045
2674
3576
3457
3492
3157
3505
3438
3458
3511
1344
3508
3498
3491
3502
2740
3397
3439
1202
2928
1212
3219
2577
3453
3118
3440
2229
2871
3116
3398
2824
3144
3167
3332
3393
2567
543
3016
1203
1201
1333
2616
2629
2948
2641
2834
3346
3356
3338
3325
2911
3348
3336
3340
3337
3310
3302
3258
3257
3262
3064
3223
3104
3042
3081
3169
3108
2993
2949
3132
3122
3127
3073
3115
3083
3110
3082
2951
3014
3071
2857
2600
3007
2963
1230
1253
2683
2947
3018
2858
2950
1977
2962
2944
2969
2866
2891
2959
2812
2937
2072
2307
2615
2230
2934
2929
2790
2922
2709
2830
2875
2859
2841
2837
2760
2803
2652
2822
2820
2724
2802
2680
2026
2643
2696
2715
2772
2574
2695
2726
1366
2272
1549
2605
70
2395
2688
2681
2690
2670
2602
2590
2677
2671
2543
272
2620
2649
718
985
1980
2108
2155
2607
2606
2597
2568
2282
2400
2552
2408
2533
2529
2457
2288
1689
1529
1448
2190
2283
2084
2189
2249
900
1586
1656
2410
2167
2401
2098
1638
1763
1764
1660
1661
2053
1999
1707
1542
1541
2159
2194
2222
2025
2165
2287
2268
2290
2295
2293
2286
2199
2233
2235
2188
2238
2149
2202
2217
2223
2191
2220
2224
1545
1889
2218
2192
2008
2196
2200
2187
617
2181
2107
2153
1973
1456
1970
1510
2039
263
287
330
2057
1416
2027
891
1307
1322
1325
1346
1940
1974
1979
1986
1981
1753
1524
175
1595
631
830
1593
1924
1921
488
1565
1874
1204
389
1704
1714
1323
1657
1631
1609
1463
1377
1613
1511
1461
1582
1498
1389
1395
1479
1206
1449
290
1387
1486
706
1464
1247
1481
258
1192
1205
1267
1352
1284
1288
1480
1429
1342
1438
1390
1397
1318
1391
1383
1375
1332
1376
1386
1378
1357
1287
1207
1337
1355
1338
1241
1185
1334
72
674
1193
1182
1264
1126
1231
614
1074
1043
573
1077
1141
1191
1102
1234
716
781
1190
1189
1197
1194
665
1073
898
1008
1112
1017
988
727
923
1091
712
598
345
589
675
737
721
1068
122
751
1018
1051
692
1022
911
711
962
961
963
958
956
604
903
437
845
426
534
687
697
622
661
743
555
656
633
748
745
741
710
709
420
108
720
562
701
691
161
699
688
686
689
685
670
594
255
659
663
619
575
463
571
646
569
638
150
579
639
616
511
449
529
499
378
412
269
632
459
485
591
538
282
102
618
458
595
572
593
610
560
545
592
527
605
438
583
493
568
495
497
525
460
556
552
471
535
549
542
464
468
536
264
53
366
531
12
453
448
523
480
452
477
502
476
494
514
434
470
267
465
469
478
479
447
442
427
450
294
158
429
363
432
388
413
418
260
377
135
296
349
409
315
392
351
325
286
342
352
257
347
324
256
259
337
234
289
316
331
176
14
277
285
230
266
265
204
270
261
274
262
213
195
233
246
226
232
243
244
248
245
231
206
215
43
17
84
107
198
199
200
201
203
205
219
209
214
202
197
194
155
193
157
153
187
151
159
163
164
183
162
112
125
152
165
154
160
166
106
156
129
143
132
139
148
110
109
94
99
134
126
37
119
114
115
89
104
39
18
79
50
59
80
63
64
61
74
34
65
35
36
16
48
42
38
40
29
