7658
7652
7601
7366
7374
7640
7383
7294
7303
7320
7350
7513
7634
7635
7610
7504
7151
7498
7620
7248
7269
7327
7536
7296
7356
7358
7588
7577
7602
6783
7409
7291
7295
7348
7353
7596
7599
7323
7077
7297
7301
7594
7552
7004
7067
7260
7288
7589
6449
7050
7521
5703
5932
6125
7581
7276
7280
7568
6770
6077
7571
7215
7242
7379
7566
7390
7367
7257
7515
7534
7555
7191
7237
7252
7254
7258
7558
7418
7548
7544
7299
7400
7162
7477
7538
5965
7535
7201
7210
7076
7339
7452
4244
7140
7173
7426
7437
7511
7188
7198
7389
7500
7508
7194
7427
6876
7178
7182
7497
6539
7354
7472
7493
7492
7491
6011
6574
7483
7476
7121
7166
7168
7169
7261
7152
7161
7200
7458
7355
7434
7144
7335
6646
7451
7364
7440
7036
7381
7425
7431
6797
7093
7119
7402
7099
7107
7430
7087
7103
7394
7090
7091
7412
6379
7406
7404
6806
7064
7079
7317
7386
6784
7035
7040
6964
7384
7380
7055
7378
6931
7029
6917
7341
7002
7013
7015
7343
6987
7270
7283
6976
7302
7236
3669
7315
7313
7318
6567
6980
6174
7311
3740
3901
3968
4465
5145
6977
4049
6856
6933
6936
7137
4150
6584
6816
6914
6919
7009
5531
7277
5797
7274
5210
7213
5619
7266
6862
7208
5608
6994
7234
6329
7226
6585
4160
4220
6840
6518
3136
4234
6680
7129
7172
5974
6956
7130
6416
6417
6639
6418
6419
6420
6421
7181
7180
6508
7170
6767
6769
6727
7146
6625
6751
7128
7133
3676
7131
7126
4274
6986
4383
6564
7114
5837
7106
7108
7109
4413
7033
6320
6530
6678
4423
4456
7072
5325
6636
6321
6608
7049
7048
6631
7057
6314
6616
7022
7006
6929
6773
6982
1613
6532
4518
4530
6546
7007
6962
4533
4534
3866
6817
6391
6798
1336
5750
6235
6376
6269
4525
6910
4464
6375
6902
4030
5422
5569
3243
6598
6758
5123
2772
5893
4960
5815
6935
6915
2490
3932
4153
5308
6459
6500
6704
6143
6913
6905
6882
4592
4586
6503
6491
6906
4646
4654
5377
6609
6487
6307
6730
6807
4892
5092
6462
6804
6858
6194
6443
6774
6450
6715
4664
6226
6439
4666
4674
5627
6808
6597
6672
6741
6794
939
2725
2917
6408
6412
6461
2569
6781
5743
6775
3126
6786
6756
6355
5699
4963
5786
6134
6293
6303
6759
6129
6255
6256
6747
6749
6748
6146
6285
6742
3160
5456
5323
5911
5451
5435
6123
5952
6117
6049
6661
5933
6667
6684
6000
6025
6258
6228
6259
6260
6690
6185
6223
6630
6682
6287
6240
6593
6627
4980
6654
6629
5807
6182
6127
6217
6178
6165
5926
5927
6556
5990
6106
6137
6140
6522
5564
6116
5976
6548
4689
6119
6543
6544
5322
5482
4114
5942
6095
6528
3487
6022
6081
6313
6501
4695
4725
4755
4756
6495
4757
4764
4769
5528
4788
6466
5453
5987
6036
1262
5536
5993
1866
6400
3835
6407
4790
4794
5884
5386
5978
5915
6037
6113
6246
6265
6359
6038
5834
5854
5836
5835
5698
5908
6406
5949
6373
5365
4824
5871
5907
6339
6261
4906
5468
4935
6308
4798
4973
6309
6318
5882
5883
6229
5247
4821
5863
6172
6276
4833
4843
5406
6245
5460
4778
5865
5906
6244
6163
6250
5368
5719
5814
6148
6230
5766
5791
5723
5220
6195
5262
5266
5098
6027
5649
5514
5748
5692
5694
5671
2507
6138
5299
5682
6003
5204
6132
5478
5998
1349
5274
5280
5285
5644
6054
5287
5628
5632
5289
6044
5602
5607
6079
6084
5847
6082
5304
5716
2246
5311
5316
5589
5350
6074
6067
5352
5354
5481
6046
5541
5542
5964
4563
4679
5543
5554
5936
4396
3799
6040
5381
5433
5499
5870
5498
5384
5427
5438
5503
5979
6018
5441
5494
6008
6017
5447
5457
5462
3643
5622
4996
5769
5986
5980
5382
5888
5977
5390
5956
5577
5405
5938
5383
5928
5916
5821
5913
5824
5855
5336
5642
5292
5312
5881
4771
5314
5709
5864
5866
5301
5832
5341
5230
5823
5830
4856
4869
5802
5663
4513
1992
2005
4211
5652
4718
5496
5633
5334
5736
5651
5708
5744
5222
5771
5747
5268
5547
5060
4692
2138
5221
5104
5112
5200
5218
5731
5623
4872
4908
4909
4913
5198
5691
5430
4941
4952
5191
5687
5458
5513
5404
3881
4956
5091
5113
5639
5667
5142
5126
5489
4763
4962
5013
5068
5097
5443
3697
5657
5653
5096
5101
5120
5570
5306
5284
5635
5085
4951
5445
5042
5072
5014
5046
5054
5512
5023
5380
5545
5529
5516
5492
5508
5414
5057
5273
5463
5472
3892
5448
5335
4589
5418
5434
5412
5389
5415
5264
5125
4916
5423
5190
5413
5364
5408
5407
5370
5396
5403
5077
5385
4688
3507
4297
4706
5223
5363
5373
5372
5344
5138
5367
5366
4482
5353
5324
3658
5214
5007
5300
5271
5272
5293
5294
5026
5250
4854
5206
4540
5192
5239
5263
5189
5243
5228
5231
5201
5183
5216
5208
198
2771
5157
5094
5144
4871
5184
5167
5095
5115
5143
5169
3226
5155
5151
5108
4657
4658
4780
4543
4970
4979
5109
5082
4989
4997
5100
5087
3494
5081
5069
5079
3859
4918
5049
4340
5062
4957
5044
5038
4972
4233
5017
4863
4981
4936
4974
4975
4982
5019
4978
4999
4893
5011
4547
4977
4917
4993
4661
4915
4710
4866
4914
3152
4954
4838
4784
4948
4942
4939
4739
4920
4922
4873
4876
4891
4641
4883
4849
4039
4716
4840
4845
4381
4735
4727
3411
4684
4789
4810
4815
4787
4813
4814
4744
4612
4686
4768
4711
4538
4637
4660
4515
4298
3335
2952
3179
3121
1436
3080
4634
4566
884
4704
4673
4522
3912
4289
4681
4205
4485
4593
4323
2004
2245
4630
4659
4619
4651
2682
3867
4560
4288
4474
1624
3864
4455
4097
4510
4471
4606
4607
4627
4599
3659
4596
4363
4267
4484
2660
2658
2659
2224
1255
2446
3434
3779
3625
3878
3698
3899
4324
4449
4430
4479
4496
4584
4497
4554
4400
4553
1736
4541
4542
4526
4523
4481
4250
4517
3373
2266
4495
4458
4408
2028
4440
4432
4385
4398
4356
3953
4401
4301
4371
4366
4137
4327
2886
4268
4315
4316
4310
4240
1376
4293
3964
4174
4102
1021
1034
1171
1267
1397
1450
1474
2030
2123
2362
2556
2599
2636
2629
2604
2662
2690
2709
2870
2919
2932
2947
2954
2977
3108
3442
3173
3159
3334
3257
3248
3249
3250
3636
3660
3690
3703
3805
3789
3787
3706
3848
3967
4187
4158
4091
4034
4001
4026
4080
4129
3708
4264
4256
4255
4248
4144
4149
4236
4230
4204
4142
4197
4154
4199
4173
4159
4119
4120
4117
4099
4081
4037
4019
4092
4086
2920
4035
4040
4025
4006
3873
4002
3979
3124
3188
3451
3948
3965
3180
3581
2853
3954
3950
3947
3554
3874
3883
2545
3856
3863
3828
3804
3523
3850
3815
3810
3685
3800
3803
3795
3791
3699
3630
808
813
598
599
609
611
635
651
652
725
798
801
804
805
806
422
431
457
513
522
527
531
546
554
560
583
267
281
294
300
304
322
328
340
345
363
168
179
197
202
220
221
233
237
245
250
71
99
110
111
116
119
120
123
131
56
3474
3678
3702
3696
3681
3605
3566
3299
3495
3646
3629
3544
3537
3438
3400
2120
1803
2729
2891
3147
3549
3584
3589
3551
3559
3552
3565
3234
3545
3444
3513
3413
3189
3190
3292
3349
3371
3374
3511
3505
3496
3499
3500
2904
3477
3475
3029
3429
3459
3384
3448
3455
3047
3078
3239
3401
3446
3181
2703
3256
3420
3390
3333
2802
3326
3341
2447
3318
3336
3329
3164
3219
2888
3165
3258
3281
2119
3291
3279
3251
3247
2808
3200
3204
3192
2935
3186
3206
3201
3166
3090
3146
3122
2633
1516
3125
3111
3104
2797
2598
848
787
285
1423
2653
2710
1070
2679
2782
2942
3065
2992
3044
2985
2795
2944
2995
2581
2506
2984
2903
2931
2927
2849
1932
2680
2911
2872
2845
2876
2843
1742
2371
2818
2851
2827
2878
2538
2588
2832
2803
2804
2800
2791
2777
2783
2778
2691
2595
2611
2631
2693
2705
2719
2768
2753
2770
2761
2728
2748
2754
2730
2743
2226
2570
2720
2712
2708
2647
2421
1724
2561
2605
2632
2526
2527
2649
2478
2610
2476
2591
2585
2577
2552
2492
2520
2571
2542
2557
2514
2559
2540
2551
2549
2468
2516
2463
1221
1363
1366
2522
2309
2509
2510
2273
2356
2499
2321
2288
2444
2001
2210
2236
2257
2482
2483
2472
2471
1605
2010
2222
2465
2193
1029
2457
2454
2247
1131
2442
2118
1278
1738
1822
2029
2031
2077
2269
2307
2374
2398
2429
2425
2328
2240
2162
1407
1307
1347
2272
2350
1379
1382
1383
1430
1468
2235
2318
2330
2320
2326
2052
2212
2331
2337
2329
1916
2156
2260
2106
2140
2160
2251
2183
2242
2184
2007
2220
2206
2130
2185
2202
2089
2085
2132
2151
2139
2154
2150
2135
2131
1560
2020
1223
1395
1119
2050
1696
2065
2041
982
1066
1411
1454
1851
1743
1709
1948
2015
1938
1128
1406
1249
1404
1530
961
820
484
929
1107
1108
1134
1148
1176
1325
1447
1460
1622
1741
1800
1809
1965
1977
1973
1967
1758
1818
1926
1929
1791
1458
1840
1756
1827
1876
1875
1777
1811
1786
1855
1833
1824
1821
1748
1775
1761
1790
1764
1753
1732
1645
1713
1431
1463
1550
1663
1680
1651
1634
1635
1636
1589
1615
1623
1614
1619
1312
1590
1561
501
1532
835
401
352
339
283
258
957
242
159
157
270
1420
1533
1448
1504
1466
1528
1519
1503
1518
1451
1470
1455
1485
1147
1473
1449
1408
1367
1086
1405
1266
137
1422
1421
1410
1429
1418
1400
1396
1386
1381
1264
1265
1272
1380
1275
1253
1190
1346
1273
1295
1284
1209
1279
1261
1146
831
1115
1168
1208
1254
1237
1269
1076
381
1136
1143
1247
1239
880
1232
1162
1075
1224
1170
1207
1216
1211
839
1043
1166
1156
1139
1142
1129
1101
1091
1121
1072
1071
1084
1110
1095
1103
1074
1090
1081
1073
1031
1056
1057
1035
1022
937
996
1025
986
1023
1014
253
1005
995
1008
958
849
887
899
969
1006
985
997
971
987
984
959
953
892
885
952
875
874
935
923
930
897
786
881
816
865
761
846
855
832
821
836
246
227
243
235
830
802
815
770
760
814
715
713
764
765
776
682
774
768
772
525
344
195
365
275
623
303
264
69
693
689
681
295
666
144
606
633
282
138
208
193
124
252
251
524
523
530
538
559
358
528
458
346
375
489
307
459
176
474
369
371
423
445
323
178
266
188
335
325
350
353
359
382
321
311
357
293
279
343
329
236
151
277
263
302
217
228
319
316
312
48
194
265
261
291
230
240
212
226
241
234
211
224
225
254
247
103
122
163
155
210
216
196
145
174
187
190
189
177
128
180
162
129
154
126
78
51
52
160
148
115
136
130
146
149
127
97
108
118
46
45
44
43
60
61
62
63
64
91
89
59
42
53
32
38
39
31
35
30
