4033
4278
4308
3883
4307
3759
4305
3940
4298
3709
4136
4059
4295
4270
4107
4214
3693
3417
4233
498
4252
4291
4237
4277
4287
4286
4204
3985
4259
4251
4209
4186
4221
4264
4246
1015
4019
3918
4254
4205
4242
4247
3614
4257
2839
4255
3829
2964
4216
4226
4240
3173
3865
4217
2610
4215
4207
4006
4201
4190
4155
4020
4131
4187
4189
3775
4005
4185
4172
3936
4075
4149
3535
3575
4164
4162
4148
4153
4151
4120
4135
4137
3862
3884
3664
4130
4126
3919
4122
3877
4111
4113
4105
4115
2355
2460
4096
3777
2793
4087
748
4086
3758
3077
4076
2391
4035
3623
3784
3881
4052
4027
3814
2620
4071
3950
3842
3772
3800
3912
3963
4057
4061
3999
3706
3888
2639
4049
2302
3931
4044
4025
3995
3081
707
3968
2563
4026
4032
4031
4016
4011
3757
3301
3996
3997
3991
3216
3436
3923
3975
3871
3511
3974
3843
3905
3947
3942
3944
3615
3155
3740
1928
1806
3819
3818
3499
3826
3926
3423
3208
2929
3837
3929
2961
3928
3886
3927
3830
2638
2634
3601
3882
3870
3924
3922
3906
3910
3911
3907
3657
3735
2792
3590
3791
3895
3874
3896
3833
3892
3890
1705
3599
3641
3866
3868
3076
3857
1102
3160
355
2734
3244
3318
3023
3742
3389
3835
2187
3825
3821
3808
3256
3813
3783
3803
3790
3743
3776
2784
2759
1795
3766
3739
2190
3568
1750
3754
3750
3057
3749
2390
2981
3721
3736
3711
2786
3727
3724
3720
3686
3723
3694
3612
824
1104
1272
1548
1967
2259
2509
3062
3486
3187
3190
3443
3439
3701
3700
3696
3697
3689
3678
3550
3675
1488
2369
3661
3663
3659
3658
3585
3477
3655
3624
3656
3549
3648
3644
3092
3642
3634
3494
3584
3633
3631
3629
3628
3625
3618
3457
3622
3606
3602
3008
1192
3583
3088
3571
3546
3331
3570
3564
3566
3556
3013
3562
3560
3514
3558
3559
3555
3554
3544
1512
2594
3536
3415
2845
3484
3395
3512
3521
2889
3507
3492
3502
3495
3490
3491
3500
3488
3485
3473
3476
3463
3474
3464
3460
3157
3145
3222
3149
3107
2598
3454
3125
3449
3393
3198
3441
2906
3120
3435
3108
2351
3336
3427
3425
3426
3159
3422
3376
3400
3342
3406
3420
3378
787
3334
3355
3410
3409
3297
3404
3405
3316
3401
3402
3383
2457
3379
3396
3391
3374
3377
3375
3370
3369
3368
3367
3363
3360
3359
3353
3371
3388
2703
3385
3372
3366
3362
3361
3354
3332
3346
3201
2901
3323
1909
3310
3202
3321
3312
3266
3269
3315
3263
3296
3304
3302
3262
3286
3300
2927
3290
1985
3273
3291
3292
3174
3289
3288
3285
3283
3270
3258
3271
2873
3141
2980
3247
3249
3231
3239
1596
3237
3235
3233
3221
3205
3214
3211
3206
3217
3204
3199
1260
3064
2611
3185
2900
1322
3184
3044
3189
3164
3142
3066
3154
3169
3116
3068
3163
3123
2580
3152
3158
2936
3091
3140
3118
1479
3129
3131
3132
3106
3093
3126
3119
1711
3099
3084
3031
3087
2536
2789
3074
3070
3069
3071
2318
3065
2859
3059
2905
3055
3052
2896
3050
3049
3048
3026
2864
3045
2989
2979
3038
3028
3019
2868
898
3018
2665
2036
3004
2769
2985
2999
2995
1690
2197
2463
1215
1051
2227
1542
1184
2983
2990
1500
1547
1327
1499
1018
849
1336
2836
841
2987
2982
2978
2941
2942
2907
2943
2963
438
2958
2954
2959
2938
2950
2953
2949
2909
2940
2945
2937
2933
2930
2939
2928
2921
2923
607
2920
2567
2916
1312
2006
2368
2866
2903
2708
1214
2914
2862
2871
2885
2913
2911
2840
890
2902
2701
2886
2880
2832
2726
2875
2899
2878
2848
2877
2897
2465
2895
2888
2882
2876
2869
2861
2867
2808
2584
1531
2853
2762
2616
2850
2847
2844
2799
2817
2820
2507
2828
2826
2825
2829
2813
2822
2545
2804
2818
2165
1560
1852
1871
2073
2780
2807
2709
2537
2790
2785
2783
2777
2776
2771
2770
2773
2761
2758
2760
2756
1949
2753
1850
2747
1067
2688
458
2750
2746
1607
2745
2728
2735
2743
2740
2731
2698
2689
2705
2700
1667
2600
2484
2693
2663
297
2680
2206
2674
2677
2684
2676
2668
2671
2544
2436
2659
2649
2657
2652
2650
2642
2641
2637
2550
2614
2622
2601
2421
1716
2140
1077
1126
1538
1654
2083
2422
2433
2529
2628
2613
2265
2558
2539
2535
2540
2615
2621
2617
2520
335
2602
2566
2577
2478
2595
2589
2203
2587
2590
2476
1810
2564
2441
2570
2559
2271
2574
2569
2554
2549
2032
2534
2541
2538
2003
2523
2519
2527
2258
2139
2530
2526
2402
1614
1993
2377
2475
1657
2489
2515
2514
2513
2154
2479
2461
2429
2437
2474
2413
1922
2414
2425
2455
2226
2448
2207
2339
2426
2423
2417
2366
2410
2400
2409
2404
270
2361
2375
2232
2373
2374
2189
2353
2350
2342
1651
1157
2323
2283
2322
2321
984
2320
409
1817
2277
2310
2308
1805
2306
1728
2236
2301
1740
2295
2166
2299
2293
2288
2272
2286
2285
2281
2278
2260
2230
2234
2219
2253
2256
2252
2240
2242
2082
2215
2239
1290
2231
2210
2217
2208
2209
2068
2086
2193
336
2131
2146
2156
1745
2147
2181
2175
2163
2106
2111
2142
2121
2118
1679
2060
1602
1772
1766
1978
2108
2102
2028
2090
2092
2084
2030
2076
2024
2034
2043
2071
2067
1980
1240
2047
1727
2054
1644
1136
1478
2002
11
2044
2039
1951
1979
1994
1984
1995
1194
1991
1668
1856
1966
1625
1955
1925
1952
1940
1941
1930
1918
541
1761
1346
1685
1905
1870
1893
1846
1902
1812
1894
1883
1874
1148
1897
1833
1736
1882
1876
1858
1872
1869
1855
1854
1853
1843
1851
1845
1861
1859
1839
1827
1849
1756
1824
1099
1813
579
962
1163
1127
1493
965
928
769
1814
1809
502
1807
1687
1800
1790
1245
1783
1782
1771
1459
1460
1775
1333
1463
1466
1774
1697
1486
1730
992
1489
1597
1758
1749
1763
1767
1765
1759
1769
1762
795
1757
1753
1085
1743
1731
1709
1738
1605
1726
1241
1595
157
1182
1159
1073
1357
1660
443
1320
727
888
1701
1691
1688
1692
1674
1676
1682
751
1669
2
771
783
813
833
765
814
820
884
703
681
749
752
754
760
589
507
529
533
557
1673
558
501
346
387
442
63
148
28
23
15
10
9
1203
239
1
1461
1661
1656
1627
626
16
95
819
512
1643
1648
1632
1064
1631
1209
1634
1626
1612
1621
1619
1563
1552
1604
1615
1593
1162
1204
1502
1211
1557
1585
1594
1576
1498
1566
1582
1587
706
204
1573
1584
261
1579
1569
1577
1558
1562
705
1554
839
1541
1103
1292
1515
877
1191
1220
1545
1546
1536
1205
1078
1340
1516
1175
1354
938
1518
1519
761
917
1396
1504
1509
1222
1388
1495
1506
1483
1480
1494
1405
1505
1490
1487
1497
1454
1465
1457
1458
1386
1456
1462
1464
1412
784
1250
1391
1394
1206
1362
942
1202
1115
1180
1251
1172
1026
1232
1358
1355
1371
1372
1200
1091
1384
1404
1416
1415
1393
1413
1420
1411
1164
1419
1414
1402
1392
1399
1387
1383
644
1356
1167
1366
1341
1348
1353
1352
435
1345
1339
1347
1342
1337
1328
1308
1330
1326
1315
1314
437
366
1090
1146
1273
1178
1278
1179
1174
1132
1005
1176
1177
1255
1196
1259
943
1147
1239
1234
197
1223
1145
1221
1227
1224
1036
1217
1201
694
152
1212
1097
1208
326
1027
586
1189
1120
982
1150
1165
1106
1152
1129
1111
1098
1110
1124
551
1135
1056
1081
1092
775
1108
1093
1096
1044
975
397
1012
977
1029
1021
1075
1055
1000
1062
1076
1065
1066
999
790
1049
1048
998
947
1059
901
974
840
891
1058
939
1032
1038
785
715
1013
1011
986
1003
990
988
979
196
987
945
976
941
968
953
963
50
611
954
903
742
743
766
801
934
134
857
948
30
550
479
352
349
141
130
88
72
8
4
932
905
918
853
930
908
862
922
919
807
910
358
859
645
828
895
837
880
463
758
858
757
868
864
874
695
830
704
872
854
802
640
861
852
764
847
842
584
549
809
301
539
816
826
612
745
810
805
593
770
791
779
226
781
709
762
763
767
5
732
739
729
730
594
351
303
740
736
733
723
548
616
686
721
722
724
716
692
719
717
710
708
625
696
697
508
615
618
434
643
211
675
570
21
494
555
367
668
670
3
672
671
656
655
647
302
41
399
662
665
653
142
658
642
652
657
659
639
596
605
619
153
96
534
75
547
521
637
629
630
621
575
620
606
599
124
517
514
284
583
481
578
511
572
513
565
567
546
559
252
560
248
520
532
496
486
474
464
459
545
488
254
540
441
274
244
232
164
159
536
530
461
500
485
401
432
431
421
444
449
436
383
433
429
427
425
422
419
418
350
414
400
393
408
396
324
365
385
372
371
375
382
370
360
359
344
354
356
120
343
310
337
331
295
332
117
126
251
200
201
199
217
319
322
235
309
313
307
306
163
291
298
294
293
247
275
259
278
253
209
246
276
262
245
255
131
249
215
230
107
168
194
128
198
213
207
202
172
189
191
138
161
179
175
145
13
143
108
6
125
116
64
115
93
121
91
92
61
105
103
37
104
109
99
57
66
54
40
44
56
38
45
53
52
70
62
55
7
59
47
32
17
12
