6650
6138
6037
6827
6131
6129
6117
5641
5682
5652
5651
5733
1620
6793
29
1594
2220
5640
6588
6729
6728
726
5608
6686
6679
2100
6632
3010
1238
6510
6027
5265
2228
225
620
2125
2365
2439
2465
2535
2613
2983
3042
3132
3225
3239
3384
3753
3782
4431
725
5488
672
6509
6479
5352
2907
137
6398
191
6068
1497
5062
998
5868
834
1726
6310
650
6294
6242
6128
6245
152
86
2339
1271
1412
2319
6108
1155
721
6069
5190
20
6021
5082
5310
5424
5408
5975
1121
5994
5597
5762
5977
2309
5294
2294
5274
4335
901
5298
2337
5183
809
5662
5754
603
5475
223
5687
5677
5158
5315
5600
5555
5546
5538
1559
4945
140
5469
5245
5431
5394
5414
3772
1329
5452
5470
1523
5471
5447
5111
55
5438
5441
5308
5223
1761
2967
5009
677
5318
5303
3974
3977
4186
4209
4339
4343
4348
4353
4358
4381
4398
4413
4422
4426
4435
4469
4474
4477
4509
4514
4523
4525
4526
4549
4554
4556
4561
4573
4583
4597
4608
4614
4627
4638
4650
4666
4678
4695
4708
4733
4759
4761
4763
4783
4789
4804
4816
4818
4823
4828
4831
4834
4856
4857
4864
4868
4879
4900
4912
4917
4918
4921
4927
4928
4933
4939
4941
4943
4948
4949
4979
4991
5031
5046
5048
5052
5054
5059
5060
5077
5084
5102
5113
5127
5132
5282
5237
5246
777
179
1363
3145
2338
3641
92
97
5112
2350
1888
1411
1257
1190
958
637
3590
3608
864
1553
1902
1631
5119
2616
2961
2665
680
865
2255
2135
1930
1319
1202
861
827
2208
3387
3399
3494
3517
173
2959
1851
1418
2987
2951
3543
773
190
780
2561
2787
3601
911
3086
2571
2766
3850
2483
1404
2845
3857
2440
684
85
2962
3467
1538
3420
156
35
22
25
28
222
36
46
47
50
994
53
58
61
62
70
73
76
77
80
81
82
83
84
87
88
91
94
95
96
99
101
2315
108
114
118
119
120
121
122
125
126
128
130
132
134
135
138
142
722
143
144
146
149
154
157
159
166
167
168
169
176
178
180
182
185
188
189
201
209
217
226
227
231
232
598
611
616
735
633
636
642
644
648
659
661
662
668
678
698
705
708
715
716
717
719
724
728
730
4674
4672
734
186
147
948
1201
4643
162
3519
738
235
745
748
753
761
763
769
771
774
776
781
782
792
797
798
802
804
810
811
820
822
1030
829
838
859
860
863
882
888
891
892
896
900
905
909
912
928
930
932
935
939
945
960
965
981
995
996
997
1003
1027
1056
1068
1035
1054
1058
1065
1067
1082
1127
1085
1111
1115
1123
1128
1132
1133
1138
1139
1149
1165
1169
1179
1180
1182
1189
1194
1197
1198
1200
875
1207
1211
1214
1217
1218
1227
1228
1230
1261
1263
1285
1298
1302
1332
1339
1341
1350
1354
1361
1376
1384
1386
1387
1388
1392
1402
1403
1405
1407
1410
1417
1419
1425
1441
1445
1448
1449
1467
1481
1495
1498
1499
1500
1503
1505
1526
1528
4563
3779
4548
1469
1662
4500
1724
1572
1586
1597
1602
1606
1610
1616
1621
1634
1637
1641
1643
1644
1649
1651
1654
1667
1668
1671
1683
1688
1690
1698
1700
1711
1723
1745
1750
1756
1757
1760
1776
1784
1836
1837
1840
1843
1882
1894
1909
1913
1921
1922
1923
1958
1964
2022
2054
2060
2061
2062
2103
2104
2105
2106
2154
2157
2173
2187
2192
2222
2229
2243
2246
2247
2258
2266
2269
2270
2281
2303
2307
2324
2343
2367
2379
2393
2401
2407
1186
3214
2290
1590
3585
2450
2463
2472
2479
2482
2492
2501
2557
2567
2585
2607
2608
2630
2640
2697
2701
2775
2791
2801
2863
2925
1832
2965
736
4384
3396
3002
3011
3012
3032
3043
3051
3055
3059
3191
3197
3255
3286
3291
3304
3375
3408
3437
3447
3477
3515
3544
3546
3562
3574
3583
3619
3636
4423
2960
165
3548
2941
3785
3802
3604
3774
3653
3697
3741
615
3733
3710
3637
3615
3611
234
16
3491
3489
1074
3427
3414
3349
3342
3341
3334
3257
3292
3278
3264
3222
3215
3196
3037
1048
3188
3182
3183
3113
3167
2940
3164
3117
2851
1106
3067
3066
2968
2212
1147
2415
2570
1464
2374
1314
2895
2879
2802
2846
2790
2648
2708
117
857
2674
2453
2664
2644
2603
2595
2594
2487
2554
2575
2574
2573
2572
2564
2552
2534
2533
2532
2531
2493
1442
184
2469
2460
2461
2445
1825
1860
67
2204
2425
2312
2221
2292
2291
2289
2288
2287
2286
2285
2284
2265
174
1878
2217
1161
604
106
1187
1537
924
1741
1
2169
747
2142
2137
2053
158
1789
1892
48
1317
1708
988
898
1699
155
1742
1981
1951
1956
1831
59
1935
1933
1849
1328
1736
68
1747
136
1826
1806
145
74
60
1788
1522
1502
1530
1440
1535
1663
1587
1246
1327
1554
1524
1471
1400
1288
1465
1447
1203
1420
1324
1306
1305
21
8
1395
1390
1398
1397
1399
1396
1372
56
102
57
744
964
170
1289
90
1210
963
23
1145
1141
228
1088
1103
1053
1070
1037
866
1002
1000
980
970
959
26
98
75
941
942
921
920
914
821
79
869
839
825
100
807
800
795
762
181
72
649
709
723
743
740
697
731
714
703
51
696
694
161
160
150
670
141
197
640
605
199
229
230
219
218
116
196
30
148
89
93
175
163
172
151
129
34
139
127
105
104
133
123
124
115
113
78
27
33
63
66
31
19
5
2
