4071
4120
2658
3975
4119
308
3835
3970
4081
2967
3749
3878
3932
4087
4094
4101
4108
4056
4109
4113
4097
4106
4102
4110
4105
4107
4099
129
4096
3848
4104
4103
3902
4098
4095
4064
4092
3955
4091
4089
4039
4085
3940
4080
4077
4084
4083
3724
4068
4076
4074
4072
3953
4070
4069
3486
4062
3983
3959
3834
3982
4014
4048
4036
3979
4051
3947
4046
3996
3830
4059
4065
4063
2828
3794
4013
2261
4055
4054
2250
4053
4047
4044
4043
4041
4021
4037
4038
3870
160
685
2186
892
4018
4030
4015
4029
4028
3880
1053
4006
3910
4016
3926
4011
4005
4003
4001
3999
3967
3398
3884
3974
3945
2212
3949
3984
3989
555
3952
1033
987
1790
3973
1291
3930
3976
3972
3067
3971
3968
3965
3961
3836
3875
3958
3957
2238
1079
3934
3950
556
3937
3850
3847
3948
3114
457
3915
1493
3942
3943
3936
3823
3767
1287
3744
3896
3933
3852
3931
3826
2765
3888
3897
3927
3924
3919
3921
710
1721
478
3917
3764
3894
3914
3778
3908
3898
3899
3891
3763
3912
3422
3856
904
3911
905
648
3906
3900
3895
526
3814
3784
3805
3886
1854
315
3720
3881
3747
3872
3844
3833
3827
3854
3822
3780
3623
3703
3734
3851
3865
3866
1233
473
3861
3859
468
3855
3853
2982
775
3846
3602
3840
3819
3831
3829
3820
3443
3811
3046
3052
3735
3082
3675
3721
3723
3725
3727
3741
3768
3782
3787
3795
3812
3804
3815
391
3766
3809
3807
1160
3683
3801
1234
2898
3612
3638
3640
3686
3685
3690
3695
3722
3726
3783
3765
319
2449
3788
3786
3745
3785
826
3777
226
2475
3195
3459
3770
3769
3750
2030
3762
3754
3758
1024
3756
3742
3738
3710
3733
3719
3729
3730
3718
3101
2127
1182
3713
3712
1032
3668
3562
1784
2458
3361
1775
1831
1862
2019
2057
2077
2152
2195
927
1540
1424
3616
3639
3370
228
3192
3189
3188
3700
2453
2441
2410
2329
2295
2511
2885
2790
2757
2673
2713
2809
1069
3697
3364
3660
3693
687
2992
3684
3689
3687
1546
3218
3679
3670
3676
3641
3543
3674
2839
656
3264
3673
3672
3671
326
3567
1992
1834
1754
1728
1684
1647
1638
1289
1312
1296
1315
1363
864
941
1057
1077
1108
1118
1126
3306
3318
3372
3384
3394
3402
3407
3409
3421
3427
3429
3430
3458
3460
3473
3489
3580
3506
3453
3522
3532
3588
3589
3590
3536
3577
3582
3585
3584
3625
3643
1766
3636
1610
3630
3627
34
3621
3619
357
44
726
2837
245
3617
3615
3366
3186
3613
3605
3606
3038
3603
3592
3587
100
3581
1031
390
874
868
3571
3569
40
3565
3563
3560
2842
3555
3550
3546
3544
491
3541
3533
633
3535
1029
368
3528
3524
3194
3431
3155
3520
3518
3517
3508
3494
3502
3495
3131
3498
3496
2045
3492
1757
447
1477
3323
3477
449
435
972
1051
3466
3467
3468
200
781
3202
232
422
3320
3439
3451
195
3432
3433
3401
3111
3418
3415
3414
3411
3410
3388
3246
2749
3406
3405
3400
2612
3243
1443
3393
3389
3386
3385
2754
3369
3377
3010
3373
3284
2603
3341
3363
3362
3356
3325
3354
3312
3324
3338
3086
362
3326
973
695
2750
3322
3321
2331
3315
2220
3302
211
2851
3298
2900
718
3296
2988
42
2376
2882
3091
221
3069
3075
3135
3168
3293
2479
3287
3288
3285
3205
3277
1479
1621
1432
3207
3250
3216
3236
3262
3257
597
3265
3268
441
3259
3253
3244
1125
3240
3234
3238
2954
3221
1250
3235
3077
3222
3225
3229
3226
3219
2929
3215
3212
3210
3047
3190
3196
3197
3200
3058
981
2472
3187
2201
383
305
3158
3175
3172
3146
3133
3109
2471
3032
3165
3160
1185
3147
961
2850
497
3150
3148
3145
3113
3132
3137
3136
3138
3139
3120
371
242
3105
3104
1422
3121
3119
3112
3110
1995
988
3118
1166
3066
3115
463
563
21
2808
2989
1761
3013
3062
1869
3065
3079
3001
3076
686
3081
3074
1299
2338
3071
823
3064
776
3059
3048
3044
1323
3042
3039
2969
111
3034
2667
1048
3028
3005
3029
3024
2435
3004
2914
2994
2853
2976
3017
3012
283
3011
3008
2995
3000
962
2999
2993
2968
678
2817
2880
1298
1371
2890
2861
2984
2255
2977
948
2901
2920
2514
193
2973
2887
2971
2964
540
2965
2962
2951
2960
2256
2926
2789
2833
2948
2949
2846
2877
2952
2953
1254
2595
2303
2928
2921
2943
2927
2944
1503
2935
2933
2938
2931
324
2923
2922
1320
2910
2915
2912
2907
2905
487
2902
2810
2862
288
2009
1005
2024
2771
418
2884
2258
2881
2878
2867
2856
2874
2872
2870
2865
2864
1307
1238
2841
1551
2844
2847
627
2440
2495
385
945
1492
2504
2715
2568
2802
2583
2823
2822
579
1886
1967
2225
2246
2562
2644
2737
2811
2813
2812
2805
2797
2573
2794
2796
2798
2010
2795
2576
2791
2478
2691
2489
2714
2477
2674
636
2709
2768
2769
2770
2766
2190
2335
865
1314
2508
2755
1669
2518
1237
2752
1162
2742
2743
1223
2608
1364
2736
2734
2733
1228
2723
2727
2725
2719
2712
803
644
2675
2669
2672
2688
2676
2690
2697
2684
2695
2694
444
2665
1764
2196
2611
2655
2650
2578
2098
2450
2272
2426
2643
2613
2469
2625
2115
2222
2466
2639
2632
2532
2515
2571
2572
2591
2626
380
998
2590
2622
2321
2476
2600
363
2615
800
2601
1814
2594
2567
2585
2586
2530
2403
2554
2544
2574
2575
1683
1735
2558
2550
2548
446
1339
2433
1120
2405
2519
2507
2387
1179
2183
2512
881
2288
2386
2448
2505
2506
2003
2502
2501
2494
2490
2054
2485
2483
2482
990
2467
2411
2401
2398
2406
340
2431
1865
2414
2412
2415
2413
2144
119
2396
2404
2399
2394
2392
697
2355
2382
855
2368
2281
2370
2369
413
2336
2257
2358
2310
2325
2269
2285
2308
2348
2286
2344
2317
2334
2332
955
62
1690
2304
2323
287
2315
2313
2312
2307
2287
2228
2301
2299
2294
2292
2290
1152
993
2275
1449
2260
407
2244
423
2243
2237
2235
276
2219
458
2223
2001
2204
2205
2202
2191
2059
1544
1457
883
1586
1635
1974
1879
107
142
146
161
178
198
199
267
268
274
278
307
316
327
330
338
349
359
365
372
377
388
400
417
542
544
564
565
581
647
706
761
859
873
926
1025
1117
1474
1504
1515
1547
1557
1562
1580
1608
1615
1636
1639
1661
1673
1702
1710
1794
1846
1874
1888
1892
1973
1978
2053
2076
2163
2164
2172
2179
2084
2094
2133
2180
1857
2036
2169
2185
1334
1494
1840
2058
1850
1707
671
2182
2181
2068
2107
2162
2165
2170
2148
2166
522
612
2142
1070
639
891
1975
1779
1706
2111
2103
452
2096
2085
2074
2055
2066
2064
2062
2016
263
1124
2041
2039
2037
2034
454
2017
1685
2000
1993
1996
1980
1982
1817
1893
1894
1906
469
1962
1955
1956
1957
1905
812
1383
1121
871
1832
1561
1541
1447
1425
1403
1335
1330
1232
1176
1116
1115
1099
1098
1096
1081
1076
1040
980
978
914
769
1744
1590
1413
1341
1333
1316
1273
1249
1244
1310
1304
1242
1239
1202
1200
1173
1168
1161
1150
1138
1112
1067
1046
902
894
667
615
577
1736
1895
1877
1361
728
1762
1858
879
1845
1903
139
1884
1859
1881
1880
1072
1870
1833
159
1867
1866
1804
1847
982
1853
1147
1514
1535
1777
1851
1343
1571
971
1807
1836
1798
1829
1827
1820
1795
1797
1749
1810
1759
1711
1786
1439
1782
1776
901
1701
1113
1765
1755
1752
1243
1435
1713
1629
1627
1668
1737
1726
1539
1718
1705
1181
1080
1699
1692
1695
433
887
1681
1679
607
1665
1605
1657
1478
1519
1576
1624
1663
786
1659
1642
1292
1434
1384
1497
1345
1472
1498
1617
1623
702
916
1613
1611
1607
1463
1583
345
483
1269
1259
461
1543
1529
1527
1525
492
182
1516
1331
1520
395
1510
1513
1508
1355
1105
1505
1484
1153
404
703
1490
747
1486
1458
1482
689
707
806
956
919
866
773
1473
1460
1466
1453
1459
1455
1448
1451
858
1444
1353
1381
1438
1430
1436
1433
1427
1431
1428
1426
1060
1415
1354
1417
1394
1414
1393
1412
1208
1288
1410
207
1389
1402
1405
1404
1396
1388
1395
1373
1390
1392
66
1391
1386
1170
1347
1378
1379
1377
1374
1372
1340
1351
1366
1362
1344
1359
1356
1352
1193
1348
1272
1342
1337
1336
1277
1332
1326
1325
1324
1322
1317
1318
1256
1009
1217
1123
1297
1311
1308
1306
1303
1293
1305
1300
1294
1280
1260
141
1290
437
1286
1148
1199
1258
1266
1275
788
1282
1276
1274
1030
1131
1142
1225
1270
1251
1144
1015
1229
1149
934
1227
997
1262
1263
401
1264
1011
1141
1145
1246
1190
1201
1226
1257
1253
1248
1247
1036
1221
1084
1198
1195
1241
1102
1236
1240
1212
1205
1196
1224
1180
1209
1231
1230
229
1215
1214
1222
1188
1220
1216
1218
841
511
1213
1211
882
1210
1178
1207
1151
1197
1164
1172
1191
1194
1192
1183
1187
1186
1175
1184
1177
1101
839
740
1167
1174
1159
1171
922
1169
1129
1139
1132
1088
946
949
1058
1165
1104
1163
1008
1093
1158
995
1156
1064
1086
1157
1021
1155
1154
1146
1143
1140
1135
1134
787
1018
900
1106
1073
43
1078
1114
1107
496
1083
1103
1091
1092
1003
1097
657
1050
950
1034
1035
1071
1054
1085
679
1012
1090
999
1013
1022
896
903
913
928
1089
1075
1066
515
1068
1065
1062
1061
1047
1059
1056
1037
1055
1049
1045
1043
1039
1042
623
389
1041
936
646
910
1038
911
755
992
876
465
889
1027
848
624
608
558
944
1002
1023
1020
974
933
985
1004
1010
1016
1006
975
991
989
145
1007
994
977
968
494
984
983
875
379
969
967
906
907
966
947
959
915
943
838
964
958
940
890
924
824
963
965
957
893
942
935
923
925
939
897
931
930
878
843
851
880
753
717
716
666
625
455
332
650
929
920
898
912
899
918
909
908
335
888
886
884
867
857
821
700
701
877
509
872
870
862
869
861
856
618
674
684
495
589
498
493
460
459
453
439
185
817
808
819
827
834
837
863
844
847
845
854
850
846
840
833
619
93
835
822
829
816
814
799
828
831
820
830
499
813
466
818
796
780
802
815
789
811
136
810
809
807
794
643
804
801
795
797
705
779
746
793
791
792
790
506
785
784
783
764
777
762
415
752
766
770
428
464
692
774
741
772
771
760
386
502
729
742
715
373
147
754
759
347
298
673
484
749
189
708
693
723
750
737
730
731
756
734
739
183
713
733
744
745
712
738
691
732
477
346
711
720
725
721
724
664
602
714
699
719
709
635
704
614
426
582
634
192
180
177
170
154
113
109
104
86
84
73
70
69
64
55
51
39
201
208
213
220
223
261
281
289
292
306
530
572
688
534
424
420
411
392
376
370
355
343
339
336
410
504
532
539
557
601
690
694
351
696
49
680
662
669
677
682
683
672
285
676
668
670
653
655
510
573
604
641
405
665
661
659
660
658
605
596
645
651
649
204
642
638
613
637
630
467
632
525
518
595
616
631
622
629
210
617
620
611
610
366
37
524
450
603
521
567
593
600
501
591
594
561
576
587
585
584
566
575
578
569
568
562
536
560
537
559
304
551
547
550
554
545
548
546
543
541
535
538
512
533
531
529
527
3
476
438
481
500
505
523
337
488
489
507
520
519
516
456
325
393
471
508
513
486
445
490
475
485
482
480
479
472
121
286
432
331
451
430
443
440
448
421
167
425
442
427
436
83
434
431
429
402
321
416
419
414
290
406
77
409
194
403
348
398
397
396
341
356
387
382
381
378
350
301
364
367
375
369
360
358
334
361
353
275
352
71
312
313
344
320
328
342
270
322
329
333
323
300
309
310
311
314
294
299
303
302
296
297
295
196
238
115
94
280
291
191
137
257
28
97
108
117
215
216
217
236
202
279
277
269
212
265
258
273
264
253
256
255
262
214
246
150
163
254
92
240
249
252
250
248
235
241
243
244
239
231
219
13
162
222
218
149
203
164
168
205
206
197
190
186
179
174
176
157
175
173
171
45
172
169
165
166
131
158
140
153
148
80
143
102
132
122
17
61
67
68
85
87
74
88
101
103
135
138
130
126
120
52
127
128
123
95
50
75
47
124
125
116
114
112
78
110
90
106
105
81
98
59
46
29
96
8
89
79
82
72
48
60
58
54
41
27
33
18
38
6
16
36
35
31
32
30
25
19
23
22
20
11
9
12
7
14
10
5
4
2
1
