4368
4367
4366
4365
4364
4295
4338
4358
4347
4348
4149
2070
4344
4340
4335
4329
4301
4312
4311
4298
2861
4140
4282
3222
2061
4283
4290
3963
4292
4176
4279
4239
4245
4156
4044
4128
4220
4215
4214
4211
4203
4204
4199
4192
4189
4172
4124
4159
4130
4129
3952
4131
4147
2099
4118
4108
4040
4067
3975
4065
3972
3973
4058
3954
4051
3017
4048
4042
4032
3984
3958
3956
3960
3957
3950
3943
3854
3933
3931
3930
3859
3914
3912
3890
3904
3880
3885
3878
3872
3875
3873
3815
3606
3792
3794
3723
3748
3756
3757
3752
3750
3707
3722
3712
3708
1981
3629
3696
3685
3690
2418
2417
3634
3631
3514
3403
3408
3407
3598
3526
3055
3492
3489
3481
3348
3326
3305
2592
3311
2449
2536
2113
2377
2669
2328
2385
2414
2156
3304
3342
3207
3219
1958
3249
3200
2950
2951
3180
3081
3127
3201
3298
3261
3238
3128
3160
3147
2484
3076
3059
3067
2090
3001
2879
2937
2590
2848
2487
2651
2985
2757
2864
2772
2728
2715
2545
2531
2518
2505
2501
2433
2516
2485
2486
2517
2502
2467
2466
2465
2464
2450
2448
2386
2383
2382
2381
2357
2917
2370
2361
2360
2289
2288
2287
2285
2229
2214
2197
2192
2186
2215
2180
2155
2133
2128
2122
2118
2088
2082
2081
2075
2849
2060
2059
2058
2057
2053
2045
2043
2040
2039
2021
1973
1972
1943
1906
1905
1818
1579
257
2356
2354
2342
2339
2183
2181
2117
2097
2093
2077
1941
1825
2012
2032
2037
2041
2049
2072
2078
2080
1908
1590
1857
2488
2938
2973
2972
2916
2883
2880
1562
217
2563
2717
2652
2661
2679
1071
218
2620
2560
2234
2547
2524
2519
2510
2480
2481
2462
2085
2087
2336
2426
2124
2436
2439
2422
2394
2389
382
2375
2134
2232
2372
2351
2292
2345
2341
2322
2304
2213
2290
2344
2199
2005
1185
2100
2119
2135
2235
2248
2227
2193
2311
2321
2314
2330
2329
2273
2205
764
2147
2242
2230
2250
2252
2065
1835
1840
2223
2208
2221
2177
1928
1916
1913
1910
1904
1901
1902
1897
2116
2105
2103
2107
1900
1899
1898
1893
1869
1868
1858
1842
1828
1826
1823
1822
1819
1817
1812
1810
1787
1742
1764
1626
1762
1763
1783
1771
1767
1765
1797
1794
1793
1784
1786
1791
1788
1790
1977
2189
2140
2166
1855
2168
2170
2172
2174
2164
2157
1759
1756
1752
1741
1740
1734
1706
1705
1703
1702
1677
1674
1662
1658
1650
1642
1641
1639
1637
1636
1633
1619
1615
1614
1612
1607
1606
1605
1604
1600
1599
1597
1596
1594
1593
1591
1584
1582
1581
1580
1578
1576
2150
1891
2042
2131
2139
1575
1574
1573
1571
1568
1567
1566
1565
1564
1560
1559
1558
1556
1555
1554
1553
1536
1507
1495
1457
1420
1402
1362
1361
1281
1278
1262
1205
1192
1135
1119
1117
1081
1030
985
984
969
921
905
901
887
884
883
828
812
774
751
1334
703
637
636
631
549
464
462
378
342
235
186
160
93
87
1969
2127
2109
2044
1965
2073
775
1527
1533
1589
1598
1628
1634
1694
1757
1920
1820
1841
2095
1879
2007
2076
2091
2035
2050
2074
2064
2018
2063
1227
335
2047
1992
1903
1999
2025
1410
1814
2015
2004
2010
1816
1878
2003
2016
2013
1721
1966
1954
2002
1967
1895
1789
1984
1911
1084
1990
1894
1549
1807
1795
1889
1960
1975
1768
1968
1959
1935
1692
1872
1435
1754
1850
1923
1940
1937
1616
1621
1803
1809
1888
1944
1949
1948
557
1738
1873
1924
1824
1804
1915
1813
1863
1914
1921
1912
1864
1874
1474
1541
1696
1821
1700
1785
1851
1353
1455
1798
1854
1849
1838
1831
1629
1715
1726
1805
1796
1792
1725
1151
1699
1773
1732
1716
1729
1758
1760
1761
1749
1750
1751
1766
1739
1747
1723
1542
1743
1744
1745
1704
1728
1727
1713
1617
1701
1691
341
1570
1312
1563
1681
1649
1645
1672
1638
1648
1653
1667
1609
1537
1552
1557
1561
1569
1572
1577
1583
1595
1635
1601
1602
1611
1643
1659
1630
1624
1610
1592
1551
1516
950
1515
1497
855
1446
1279
1433
1481
1347
1484
1452
1480
1363
1485
1397
1441
1427
627
1460
1345
1056
1293
1309
1419
1464
1354
1249
1430
1448
865
1418
1359
1425
1414
1313
1403
1392
778
1191
1318
1364
1228
1340
1277
1357
1372
1373
1360
1260
1285
1311
1358
1336
1344
1292
1300
1314
192
721
1083
1275
1230
1291
1213
194
712
786
493
1298
608
1258
1200
1282
373
1270
1284
1241
1181
1248
1097
1161
1026
1229
1201
1199
628
1178
762
647
474
437
727
1016
1079
519
1166
1124
1078
1012
1137
1198
1165
554
1000
1047
1104
1123
1116
866
802
731
356
1122
1158
1153
1152
1064
1136
922
1095
964
826
944
947
974
1120
1106
1103
1046
1070
1076
1059
1052
1088
1090
913
393
1028
1008
917
968
632
835
1011
446
1009
1010
851
967
1003
809
998
995
888
630
973
810
918
948
983
889
946
945
62
970
136
931
949
900
907
749
934
885
938
926
499
125
818
819
820
626
933
923
571
914
745
915
255
896
834
842
869
878
652
814
877
841
840
839
837
843
829
846
838
750
860
484
690
269
254
796
821
827
642
806
803
794
822
629
624
544
558
661
614
109
281
302
770
649
704
219
423
782
784
781
777
726
766
543
744
512
754
152
473
710
236
272
733
496
707
718
720
716
542
613
96
692
667
434
691
551
601
620
570
678
696
149
565
645
84
86
578
698
695
206
268
584
590
25
670
598
657
556
641
604
616
321
633
106
30
314
230
482
208
298
324
130
256
142
248
313
323
327
131
328
355
326
453
278
495
504
594
592
593
92
494
566
541
129
562
521
563
371
385
234
479
459
458
530
346
523
509
516
510
480
470
391
332
427
311
372
472
347
425
379
421
483
295
270
198
103
187
28
104
288
345
444
442
392
343
348
89
426
90
394
413
408
148
299
143
226
383
64
220
279
210
245
189
63
191
312
293
215
264
250
225
251
242
271
79
163
214
193
216
201
253
259
258
249
246
197
88
119
237
231
222
81
80
211
205
172
182
200
161
91
77
146
145
171
46
179
169
128
165
83
140
44
153
121
138
76
132
85
107
126
82
16
112
71
98
78
72
56
51
73
66
59
43
18
