3479
3465
3475
3363
3448
3449
3467
3461
3360
3451
3447
3446
3445
3443
3442
3440
3441
3434
3433
3432
3430
3429
2339
3164
3226
3245
3259
3246
3407
3101
3305
3425
3271
3252
3402
3060
3232
3426
3419
3292
3206
2418
3214
3299
3392
2138
3130
3055
3387
3050
2609
3260
3365
2487
3291
3369
3374
3212
3380
3382
2856
3277
3316
3309
3362
3319
3336
3290
3345
3349
3227
3344
3278
3329
3293
3339
3337
3075
3335
3310
3311
3284
3306
3301
3298
3297
3285
3302
3274
3170
3296
3294
2830
3289
3275
3281
3286
3282
3280
3279
3272
2900
3270
3225
3248
3269
3247
3265
3258
3262
3253
3251
3193
3249
2637
3218
3233
3239
3241
3243
3238
3234
3070
3217
3150
3223
3221
3144
2903
3114
3093
3200
3137
3204
3171
1024
2994
2797
3139
3184
2117
3159
3037
3178
3155
3175
3185
3181
3180
3173
3176
3172
3169
3161
3166
3163
2542
3162
3125
3153
3148
3133
3066
2954
3141
3099
3138
3132
2375
3011
3110
3119
3116
3103
3067
3096
3097
3094
3088
3089
1556
3077
3080
3073
2670
3025
3052
3038
2634
2480
3048
3063
3062
3054
3046
3044
3053
3047
3045
3049
3043
3056
3059
2955
2992
3042
3051
1807
3039
3040
3041
2995
3034
3016
3021
1651
2985
3002
2972
3022
2812
2945
3004
2929
2997
3009
1923
2987
2986
2989
2984
2988
2926
2943
2587
1433
2648
2762
1390
1609
2569
2296
2885
2417
2701
1667
2965
2963
2934
2951
2913
2619
2434
2847
2898
2525
2910
2786
2840
1730
2912
773
2857
2883
1362
2890
2893
2853
2891
1164
2904
1406
2703
2878
2899
2892
2897
2733
2894
1998
2381
2700
2047
2086
2202
2324
2319
2706
2788
2819
1233
2866
2876
2870
2869
2865
2863
2858
1954
2431
2772
2809
2841
2855
2846
2836
2753
2854
1385
2061
2851
2318
1631
2845
2630
2813
2803
2802
2779
2842
2811
2814
2835
2827
2757
2674
2825
2820
2611
2801
2758
2766
2750
2767
2800
2799
2241
2638
2257
2256
2310
2470
2618
2763
2780
2790
2787
2783
2777
2773
2778
1020
960
1086
2776
2775
2774
2770
1927
2761
2765
2161
2752
2702
2755
1575
2754
2507
2718
2347
1922
1860
1953
2537
2330
2747
2613
2704
2722
2744
2594
2716
2676
2723
2720
2429
2335
2378
2502
2711
1901
2317
1093
2710
1430
2559
2693
1440
2654
2683
2656
2696
2695
2620
2382
2688
2673
2672
2685
2681
2511
2669
2663
2661
2667
2636
2652
2646
2564
2639
2386
2642
2641
2483
2631
2592
2297
2571
2626
2548
2579
2625
1822
2586
1616
2612
1491
2585
2607
2427
2572
2151
2130
2540
2567
2554
2536
2471
2400
2406
2561
1669
2550
2560
2558
2552
2328
2519
2527
2516
2145
2156
2329
1963
2221
2374
2529
2528
2444
2478
2520
2453
2407
2276
2492
982
2504
1618
1411
1656
2449
1039
2250
2505
2491
2499
2415
2039
2498
2451
2474
2273
2489
2217
1836
1648
1805
1380
1425
1446
1198
2259
2182
2461
2190
2154
2459
2458
2457
2456
2455
2454
2465
2326
2445
649
2251
2438
2448
2446
2443
2428
1950
2436
2430
2100
2171
2408
2413
1755
2420
2410
1476
1170
2359
2394
2107
1824
1615
2325
2390
2393
1731
2367
2340
2385
2373
2336
2355
2272
2338
2342
2348
1181
1176
2333
2056
2274
2214
2320
2316
2315
2313
2269
2275
2169
2270
2266
2258
2264
2249
423
2124
2237
2158
2112
2218
2215
2163
2213
1628
1621
2216
1849
2132
2162
2223
2200
2205
2206
2219
1850
2150
1538
2153
2185
2183
2148
1969
1825
2147
2157
2144
1776
2139
2152
2168
2127
2155
2159
1972
1015
2142
1841
2128
2136
2129
2104
2121
2122
2116
2113
1363
1991
1944
1951
2062
2021
2098
2099
929
1753
2097
1926
2088
1943
1271
1639
944
1182
1079
818
1861
1413
1867
1917
1840
1978
1959
1987
1432
1431
1637
2065
2074
1684
1685
1732
1347
2003
1817
1904
1712
2066
1702
1826
1931
2042
1398
1467
1555
1624
1957
1856
1122
1627
1970
1699
1695
1696
2055
2046
2041
1902
1823
2040
1864
2043
1966
1707
1983
1980
1986
1979
1878
1877
1876
1806
2001
1598
1032
1866
1274
1955
522
698
1940
2006
485
2014
1993
1996
2000
1999
1997
1965
1990
1916
1981
1976
1816
1971
1847
1907
1941
1277
1821
1862
1938
1929
1932
1924
1675
1887
1863
1908
1888
1905
837
1729
1881
1879
1890
1868
1852
1851
1568
1834
1832
1481
1839
955
1409
1602
1047
483
1200
1793
1754
1677
1668
1642
1640
1080
1548
1539
1458
1267
967
905
648
641
1808
1002
1815
1828
1814
1802
1765
1812
1427
1655
1709
1687
1759
1359
484
728
1691
1155
1798
1706
1268
1703
1698
1693
1670
1671
1700
1788
1694
1654
1230
1716
1689
1711
1705
1690
1577
1782
1766
1345
1761
1652
1653
1371
1762
1734
1756
1733
1757
1710
1686
1683
1641
1704
1692
1725
1620
1680
1717
1701
1697
1658
1664
1688
1708
1632
1306
1511
1645
1600
1449
1650
1659
1439
1019
1610
1634
1636
1617
1629
1493
1599
1603
1517
1567
1608
1444
1525
1583
1414
1506
1520
1513
1533
1562
1581
1469
1589
1569
1199
1554
1563
1367
1468
1128
1574
1573
1541
829
584
495
1328
885
932
1540
1475
1278
912
892
1521
1551
1544
1259
1529
1518
969
1502
1527
1531
1526
1496
1492
1509
1381
1355
1510
1377
1477
1464
1489
1490
1478
1436
1483
1482
1150
1457
1473
1472
1471
1463
1462
1441
1221
1461
1419
1418
1454
1435
711
1443
1383
1442
1396
1397
1417
1394
1399
1386
1244
1401
1415
832
1404
1402
1403
1405
849
1360
1391
1341
1389
1368
590
1392
806
563
1376
1374
1375
1372
748
1342
1364
1266
279
858
1243
1305
1211
1339
1159
1332
983
899
1327
1303
1177
1320
1321
1228
1270
1251
1247
1273
1204
1083
1237
1207
1241
1246
298
1231
928
278
300
382
397
456
476
482
523
599
605
607
632
750
472
323
454
724
596
393
1140
1179
1210
324
512
535
1161
1219
1160
1222
1225
1187
1114
1218
1216
1206
358
539
1167
1190
1184
1185
1186
1188
1189
1192
1193
1194
1201
1191
1195
1196
1006
1178
1070
1031
371
921
1065
1132
743
1107
1121
1142
1095
1099
1048
1068
1129
1127
1118
1116
1076
564
1110
1105
1100
642
1091
1043
1104
1084
1075
1088
1072
775
1064
919
1074
878
416
1038
993
1005
1013
907
952
963
862
934
898
1027
1026
990
1000
901
1023
1021
999
889
1010
1001
884
913
910
1003
989
981
996
903
965
790
749
515
777
296
481
566
593
764
911
920
902
945
844
805
948
937
924
936
950
927
926
918
915
931
861
893
843
794
330
455
879
888
680
738
602
727
823
357
873
656
654
753
792
529
579
881
784
830
788
500
845
887
872
871
852
867
781
865
770
860
819
606
853
821
839
807
838
653
716
652
825
475
796
800
732
765
811
802
804
812
813
752
769
754
767
737
768
783
665
734
705
714
390
731
739
730
726
717
745
742
516
582
542
747
733
720
570
735
558
725
715
681
591
553
290
621
282
361
708
295
703
501
487
695
701
693
672
661
629
674
667
573
547
528
631
637
670
675
682
671
638
644
518
545
595
636
581
635
297
389
469
463
459
370
347
326
291
541
478
477
471
554
552
411
594
597
525
546
562
551
374
576
574
548
531
510
527
505
509
521
530
504
519
520
489
498
508
493
488
449
407
453
448
451
410
438
450
351
428
413
415
378
365
367
373
321
346
363
271
6
352
344
316
332
322
319
331
327
294
270
276
272
265
310
315
269
306
303
288
292
283
274
267
5
