7220
7170
5681
7203
7208
6702
7204
6961
6822
6834
7183
7216
7002
6978
7207
7075
7013
7191
7088
7179
7197
7192
7151
6621
7196
7175
7048
6703
7139
7050
7111
7180
7022
7167
7166
6967
6966
6820
7159
7155
6105
7112
6833
7144
7138
7019
7133
7130
6837
7100
7113
7123
7110
7109
6673
7080
6848
6346
6873
7095
7063
6268
6893
7090
7089
6781
6856
6849
5792
6847
7074
7030
7023
7035
5672
6803
7047
7060
7053
7012
6869
5432
7041
7010
6242
6563
7042
7036
7029
7040
6821
6326
6980
7020
6985
6819
7005
6333
6016
6527
6998
6992
6948
6851
6240
6941
6679
6940
6784
6959
6972
6977
6951
6515
6969
6963
6956
6752
6952
6880
6881
6788
6882
6928
6870
6077
4645
6239
6448
6053
5312
6112
6171
6247
6943
5930
6138
6328
6354
6381
6290
6591
6872
6942
6936
6927
6918
6874
6711
6713
6909
5680
3471
6924
6905
6147
6899
6890
6270
6897
6327
6701
6832
6831
6858
6778
6811
6730
6782
6830
6857
6810
6638
6608
6727
6724
6305
6648
6829
6769
6723
6841
6777
6825
6539
6776
6817
6800
6791
6806
6794
6615
6768
6767
6787
6655
6492
6656
6483
6482
6667
6170
6707
6765
6735
6741
6715
6734
6620
4230
6602
5377
6710
6440
6691
6633
6442
6634
6654
6411
6669
6686
6681
6658
6672
5606
6473
6629
6643
6668
6662
5749
6659
6653
6609
5996
6622
6297
6624
5955
6294
6580
6576
6612
6558
6611
6592
6351
6584
6585
6586
6594
6595
6571
6564
6472
5272
5252
6075
6588
4453
3493
6091
5588
6406
4634
5708
6553
6459
6498
6238
6548
6146
6192
6414
6382
6535
6500
6529
6387
6533
2515
3564
2192
5117
5173
5356
5300
5357
5463
5658
5706
5982
4551
6069
6102
6323
6150
6233
6241
6426
6470
6418
6389
6392
6503
6318
6357
6355
6425
6296
6479
6469
6455
6499
6391
6445
6481
6478
6358
6422
6460
6280
6300
6454
6453
6452
6450
6388
6383
6212
6287
6410
6319
6321
6197
6378
6401
6379
6420
6322
6317
6320
6370
5885
6221
6377
6395
6366
6371
6295
6285
6368
6316
6205
6315
6337
6314
6342
6211
6345
6293
6339
6331
6344
6246
6165
6140
6329
6304
6249
6312
4273
6236
5929
6289
6206
6200
6210
4653
6272
6266
6231
6262
5965
6185
6174
6232
6153
6252
6256
6230
6248
5934
6228
6219
1934
6213
6098
6204
6199
6163
6059
6164
6166
6162
6129
6177
6149
6142
6154
6172
6155
6043
6160
6130
6144
6143
6117
6109
6020
6088
6121
6114
6123
6089
6050
6058
6062
6087
3610
6070
4203
4393
6103
5999
6092
5988
6042
4409
4366
3855
3496
3485
3319
3262
4204
6025
5872
6063
6027
5753
5237
5875
6009
6021
5074
6006
5949
6011
6002
5818
5985
5978
6004
5971
5984
5987
5821
5152
5846
5976
5824
5879
5907
5671
5953
5867
5396
5899
5914
5943
5915
5883
5231
5931
5880
5787
5898
5372
5878
5902
5498
5897
5279
5644
5884
5873
5874
5870
5370
5718
5836
5731
5856
5855
5654
5759
5845
5804
5831
5478
5803
5738
5790
4190
5816
5711
5799
5808
5757
5784
5805
5797
5448
5762
5791
5773
5779
5783
4854
5761
5739
5746
5763
5756
5765
5734
5760
5712
5737
5736
5716
5647
5720
5728
5726
5735
5710
5676
5707
5691
4477
5648
5700
5433
5614
4382
5674
5669
5659
5666
5665
3497
3982
4476
4631
5131
5181
5293
5369
5633
5637
5640
5655
5630
5628
5646
4504
4226
5639
5636
5638
5623
5596
5621
5613
5610
5600
5617
4539
5452
5607
4821
5465
5581
5589
5587
5595
5549
5259
5565
5583
5515
5566
5400
5570
5540
1880
4529
5095
5176
5360
5435
5539
5571
5519
5534
5416
5538
5518
5552
5532
5536
5511
5504
5491
5495
5264
4264
5484
5133
5454
5487
5103
5480
5477
5306
5476
5473
5466
5472
5460
5450
5427
5398
5243
5304
5344
5384
5358
5399
5371
5339
5412
5330
5373
5386
4385
5297
5017
5191
4680
5367
5359
5096
5097
5102
5331
5315
5260
5287
5332
5302
5309
5323
5318
5324
5261
5242
5098
5290
5291
5196
5270
4831
5251
5222
5284
5254
4972
5013
5105
5185
5246
5151
5188
5245
5244
5216
5160
5192
5230
5221
5220
5226
5215
938
3231
2128
3335
3831
3121
1826
1507
1723
5218
5211
471
5182
5209
5186
5198
4893
5159
5190
5158
5101
5170
3951
5109
4874
4968
4519
5130
5082
5119
5127
5124
5080
5120
5052
1714
5121
5077
5100
5099
5086
755
489
500
5059
5078
5027
5024
5025
5026
5075
5076
5057
4895
4982
4119
5036
5045
5033
4880
5022
5021
4657
4525
4867
4920
1875
3125
2331
3114
3712
2640
3129
3911
3596
4347
4562
4561
4928
4964
4903
4875
4996
4957
4992
4958
4671
4768
4978
4956
4391
4907
4947
4339
4769
4939
3394
4936
4877
4785
4665
4905
4906
4850
4651
4784
3419
4557
4560
4878
4691
4868
4635
4559
4611
4673
4870
4599
4843
4743
4223
4783
4840
4845
4787
4832
4782
4828
4776
4838
2565
4781
3902
4808
4747
4772
4800
4798
4658
4792
4765
3920
4771
4667
4650
4736
4724
4518
4530
4732
4762
4713
4669
4734
4744
3646
4647
4666
4721
4716
4699
4668
3587
4714
4670
4690
4700
4655
4672
4638
4387
4644
4661
4600
4348
4659
4349
4646
4652
4656
4641
4558
4593
4471
4062
4622
4612
4173
4556
4583
4581
2897
4464
2764
4550
4340
4465
4473
4531
4286
4232
4516
4378
4479
4448
4487
1881
4299
3795
4491
4412
4482
4485
4463
4305
4411
4389
4357
3892
3356
4275
4327
3981
4437
4386
4364
4438
4416
4417
4345
4346
4415
4383
4390
4111
4377
3773
4388
4370
3796
4288
4373
4356
3530
4351
4337
4350
4329
4336
3917
4326
1575
4291
4266
4314
2484
4213
4308
4315
4307
4240
4122
4227
4296
3800
4241
4243
3843
4283
4118
1746
4269
4263
4251
4244
4182
3592
4113
3908
4184
4228
4229
4225
4090
4214
3703
4209
4217
4202
4193
3320
4200
4196
4191
4181
4187
4192
4178
4180
4019
4176
4168
4175
4166
4080
4105
4164
4150
4138
4103
4141
4135
4137
4095
2303
4136
4104
4139
4140
2726
4061
4056
1876
2896
3066
3020
4077
4091
4126
3569
4099
3882
4101
3977
4112
4005
4067
4079
3860
4089
3682
3971
4078
4048
4032
3924
4063
4034
4055
4023
4052
4036
4018
4039
4031
4022
4025
3588
1845
1877
1951
3499
3535
3573
3605
3709
3998
3868
3994
3772
3996
4012
3834
3893
3990
3926
3925
3988
3974
3950
3954
3953
3959
3929
3942
3928
3944
3945
3946
3943
3771
2681
3806
3770
3905
3937
3907
3803
3906
3858
3883
3894
3887
3886
3557
3873
3327
3732
3897
3881
2853
3764
3648
3862
3866
3604
3769
3842
3654
3835
3823
2793
3583
3810
3807
3652
3495
3757
3791
3357
3793
3649
3323
3626
3680
3679
2298
2299
3651
3650
3541
3753
3726
3529
3750
3749
3751
3531
3720
3730
3723
3540
3618
3688
3664
3658
3565
3707
3309
3584
3667
3647
3311
3494
3668
3506
3503
3669
3548
3635
3634
3609
3533
3602
3392
3579
3547
3505
3563
3457
3575
3504
3350
2779
3571
3555
3467
3539
3488
3489
3528
3498
3508
3500
3475
3515
3517
1844
2301
3501
3481
1890
2785
3130
3466
3469
3378
3430
2380
1841
1948
3334
2808
3438
3255
1817
1874
1879
1920
1921
2338
2302
3373
3435
3436
2771
3393
3384
3406
3411
3375
3371
2973
3412
3388
3395
3397
3401
3380
3134
2860
3031
2830
3360
3326
3364
3354
3337
2267
3341
2832
3270
3304
3284
3321
3328
3316
3299
3285
2528
3294
3313
3302
3297
3261
3154
3283
3273
2784
3272
3271
2423
2846
2564
3247
3206
3184
3216
2630
2409
2836
2477
3063
3214
3215
2774
3064
3135
3038
3109
2296
3223
3175
2951
3088
3131
3165
3209
3082
3122
2753
2716
3197
2987
2461
3148
2870
3115
3169
3170
3161
3079
2761
2762
2982
2933
2758
2876
2755
2754
2760
3103
3077
3105
3027
2578
3069
1962
1935
2809
1919
1941
1892
3037
2397
2869
3000
2616
2647
3071
3078
2273
2773
2909
2999
3005
2807
2756
3028
2759
2788
3013
3019
3014
3018
2757
2456
1918
2890
2888
2980
2912
2974
2918
2872
2741
2838
2948
2945
2910
2925
2878
2885
2861
2837
2833
2868
2862
2631
2794
2854
2797
2864
2848
2841
2316
2816
2350
1861
1925
2826
2412
1867
2778
2678
2727
2722
2641
2642
2648
2763
2435
2728
2747
2730
2025
2569
2734
2001
1961
2209
1894
2450
2535
2521
2699
2601
2704
2398
1847
2719
2566
1888
2004
2708
2620
2353
2698
2697
2579
1854
2633
2410
2685
2686
2054
2669
2687
2162
2556
1758
2395
2675
2396
2404
2638
2661
2455
1855
2448
2529
2580
2622
1947
2570
2576
2577
2383
2596
2274
2328
2609
2604
2554
2615
2625
2608
2388
2600
2449
2612
2593
2581
2614
2606
2557
2562
2598
2574
2594
2573
1916
2003
2443
2532
2537
1887
2334
2446
2438
2400
2403
2408
2516
2297
2523
1868
1912
2509
2359
2497
2527
2492
2291
2522
2520
2510
2493
2481
2421
1964
2482
2480
2476
2439
2300
2444
2452
2407
2402
2399
2368
2367
2459
2184
2451
2440
1938
2447
2441
2430
2179
2374
2344
1957
2200
2406
2405
2102
1862
1937
1936
1944
1915
1966
2411
1886
1952
1859
1858
2401
1924
1869
2393
2384
2375
2372
2347
1958
2077
1839
1849
1851
1860
1864
2288
2286
2332
2157
1885
2287
1866
2323
2191
1949
2345
1963
2264
2078
2336
2268
1980
2313
2160
2292
2190
2275
2281
2177
2037
2176
2269
2241
1954
1910
2035
2038
2260
1950
2238
2143
1896
2212
2206
1987
2246
2255
1363
1933
2185
1942
2213
1965
2159
2247
2196
2245
2215
2208
2224
2243
2214
1927
2198
1159
1720
2189
2210
2207
2183
1889
2197
2180
2181
2182
2088
2113
1750
2158
2149
1796
2169
2133
1838
2144
1891
2114
1955
1853
1852
2131
2018
2089
2036
2071
2095
1956
2101
2034
2059
2016
2058
2096
1914
2080
1976
2105
2075
1901
1893
1850
2069
1762
2017
2093
2079
2081
2082
1738
1412
2033
1978
1968
2031
2055
1846
1848
2047
1840
1959
1843
1842
1617
1943
2023
1977
1792
1997
977
2019
2021
1945
1930
1913
1911
2014
1923
1922
2020
1717
1747
1778
1905
1781
1992
1999
2015
1996
1765
1761
1800
1774
1899
1917
1865
1969
1960
1953
1946
1940
1939
1932
1931
1929
1926
1813
1863
1897
1777
1928
1878
1788
1790
1898
1873
1872
1871
1870
1857
1856
1884
1883
1882
1400
1271
1641
1798
1799
1740
1713
1771
1748
1776
1752
1770
1749
1751
1663
1731
1753
1745
1743
1736
1732
1726
817
1229
1725
1653
1668
1686
1712
1666
1439
1586
1382
1160
1685
1674
1678
1675
1677
1643
1639
1644
1638
1637
1576
1616
1658
1260
1411
1651
1589
1356
1640
1642
1564
1435
1216
1440
1441
1448
1446
1619
1442
1443
1450
1451
1449
1447
1541
1609
962
1458
1534
1351
1473
1365
1297
1178
1176
1398
1535
1526
1481
1430
1467
1479
1497
1427
1370
1355
1357
1346
1347
1349
1203
1343
707
705
708
1267
1196
1413
1344
1259
1195
1342
1348
1224
1361
1181
1315
1302
1345
1334
1169
1257
1197
1301
1304
1303
1161
1184
1230
1276
1306
1261
1305
1162
1157
1171
1158
1279
1167
1180
1168
1211
1205
1227
1247
1189
945
838
718
712
1175
1174
1163
1190
1191
1177
1173
1134
983
1028
1026
851
747
850
918
912
464
899
416
418
770
771
804
805
806
807
808
809
860
836
629
635
827
742
783
803
465
734
584
828
706
761
772
760
729
327
723
724
728
722
710
717
697
663
189
276
662
468
637
638
373
375
275
670
678
664
303
636
166
634
652
474
518
594
253
99
93
94
469
470
472
473
475
476
477
481
483
478
479
480
487
490
492
493
494
545
544
615
612
604
605
575
467
491
486
482
485
484
488
566
312
529
274
502
37
515
508
430
457
504
396
397
444
446
436
394
389
404
452
438
441
392
388
398
127
368
410
406
391
395
104
411
205
390
214
23
261
365
248
109
342
353
340
339
311
299
298
221
132
297
222
200
196
172
142
126
100
145
263
235
194
49
176
186
202
236
242
241
260
262
250
346
347
355
363
146
330
324
305
304
296
295
292
291
285
308
310
319
320
334
329
314
313
307
278
257
290
259
233
279
281
283
26
137
272
270
234
98
80
206
92
249
170
169
215
68
103
161
201
28
180
197
138
105
128
102
107
131
97
147
108
136
163
24
171
187
123
22
101
158
160
156
106
134
96
116
91
41
42
50
95
78
79
124
43
88
38
36
51
57
115
114
113
112
111
110
56
21
89
73
74
75
76
71
64
62
66
35
46
40
33
34
52
20
39
19
30
2
