773
720
768
759
616
625
753
760
755
752
740
687
700
595
590
726
728
719
644
699
713
711
295
236
710
671
237
709
605
456
698
690
683
679
674
506
672
490
229
519
643
636
652
638
591
641
480
319
607
634
630
601
617
619
594
624
582
440
623
612
613
577
578
575
576
574
609
587
604
603
589
572
588
586
583
374
541
546
521
522
523
479
573
524
510
561
545
542
556
533
516
508
494
509
517
497
495
496
498
499
500
241
433
434
435
436
431
432
493
425
430
429
491
444
472
474
437
235
428
426
427
464
415
445
424
438
401
452
439
418
356
357
358
355
354
353
387
393
352
12
351
330
380
213
234
321
309
278
320
53
54
55
56
57
58
59
60
61
62
63
64
65
66
67
68
69
70
71
72
73
74
75
76
77
78
79
80
81
82
83
84
85
86
87
88
89
90
94
95
96
97
98
99
100
101
102
103
104
105
106
107
108
109
110
111
112
113
114
115
116
117
118
119
120
151
152
153
154
155
156
157
158
159
160
161
162
163
164
239
266
263
322
271
232
228
329
287
335
272
264
238
318
326
230
283
310
91
92
93
121
122
123
124
125
126
127
128
129
130
131
132
133
134
135
136
137
138
139
140
141
142
143
144
145
146
147
148
149
150
165
166
167
168
169
170
171
172
173
174
175
176
177
178
179
180
181
182
183
184
185
186
187
188
189
190
191
290
300
286
282
225
289
261
254
249
231
245
240
233
226
207
210
208
203
198
28
8
50
23
10
3
18
19
4
2
6
5
1
