5323
5604
5376
5591
5556
5111
5552
5549
5349
5255
5226
5125
4420
2491
3683
4501
2438
5554
5550
2820
2406
5529
5534
5566
3411
4833
2747
5547
5065
3613
5532
3657
5508
5438
5380
5347
5249
5359
5362
5337
5336
5343
5542
5543
4650
5113
5095
5379
5304
5264
5561
5366
5184
5163
4627
5060
5045
4986
4961
4935
4881
4856
4836
4708
4825
4777
4772
4763
4752
4746
4725
4709
4681
4646
4636
4596
4525
4505
4455
4415
4348
4305
4291
4251
4246
4232
4143
4028
3862
3402
4766
4769
4500
4335
4219
4353
4014
4197
4146
3115
4001
3985
3981
3947
3890
3762
3694
3690
3618
3576
2954
5555
2468
2463
2352
2311
2244
2206
2154
5553
5403
5447
5546
3272
5481
5416
5317
4831
5498
5382
5513
3552
3385
3605
3640
3584
3591
3368
3465
3377
3312
3344
3137
3099
3064
3061
3034
2720
2622
2542
2527
2503
2459
2457
2243
2148
2127
2050
1976
1830
1468
5512
5192
5496
5514
5341
5524
5515
5505
5460
5415
5433
5482
5491
5497
4706
5494
5440
5374
5475
5377
5477
5118
5248
4255
5422
4977
5392
5409
4261
5441
5356
5378
5430
4363
3652
3008
5129
4183
5429
5423
5420
5414
5425
5424
5372
5044
5418
1773
5391
5413
5384
5412
5411
5371
5404
5393
5400
3462
5397
4179
5373
3373
5386
5279
5381
5360
5158
5346
4767
5334
5352
5353
5288
5128
5247
4254
5314
5245
5315
5320
5322
3596
5294
5293
5291
4524
5074
5102
4687
5103
5251
5265
5276
5271
5224
5272
5152
4970
5243
5176
5242
5208
4806
5244
5227
5138
5219
4785
5198
4992
5201
5214
5180
4764
5148
5141
3856
5186
5063
5098
5140
4431
5170
5165
5136
4666
4423
5142
4698
4661
3413
3510
3470
3111
2853
3673
3682
3976
4245
4513
4635
4355
5066
4816
5070
4750
5110
5115
4801
5100
5083
5024
5084
4967
5026
4870
5022
5016
4208
3644
4549
4550
5061
3687
5032
4240
4243
4773
5035
5028
4993
5025
4823
3824
5017
4358
4790
4998
4623
4809
4680
4818
4274
4983
4990
4571
4700
4971
4753
4632
4960
3845
4419
4495
4945
4955
4724
4657
4266
4084
2215
4497
4637
4390
4614
4039
4063
4727
4690
4417
4929
4244
4921
4900
2635
4800
4827
4903
4768
4896
4886
1523
4812
4885
4871
4628
4789
4810
4860
4824
4837
4835
4814
4834
4544
4821
3784
3443
4027
4148
4600
4811
4805
4477
4652
4795
4749
4780
4758
4574
4275
3931
4741
2209
4660
4530
4760
3512
4754
4733
4740
4743
4722
4744
4705
4731
4645
4653
4669
4689
4663
4633
4674
3853
4640
3077
4694
4349
4662
4619
4656
4337
4603
4598
4577
4620
4465
4638
4609
4618
4396
4608
4617
4610
4391
4485
4592
4590
3807
3948
3974
3907
2115
3911
4009
3922
4145
4045
3898
4008
4242
4007
4005
4043
4140
4060
4303
4543
4276
4352
4547
4400
4559
4587
4330
4388
4523
3334
4569
4566
4529
3751
4551
4528
4424
4546
4412
3487
4536
4540
4392
4393
4527
2381
3945
2642
4522
4521
4426
3633
4517
4515
4378
4041
3508
3569
4403
3653
3538
4214
4472
4483
4491
4082
4259
4454
4464
4462
4448
4453
4428
3486
4449
4408
4433
4432
4435
4445
4434
3961
4354
4402
4364
4397
4367
3817
3998
4341
4311
3062
4395
4394
4381
4370
3788
4368
4351
4360
4133
4333
2723
4260
3946
2857
3567
4285
4332
3988
4304
4184
4320
4298
3227
4295
4300
4268
4233
4083
4293
4066
4102
4152
4170
4222
4226
4250
4252
4253
4277
4284
3094
4264
3680
2848
4273
4265
4176
4061
3950
4190
4054
3863
4105
4000
4227
3953
4207
3689
4002
3466
3116
3112
3033
2788
3772
3929
4017
4086
4177
4203
4116
4210
3469
3886
3952
4186
4138
4173
4166
4167
4175
4159
4160
3991
4153
4068
4154
4149
4147
4112
3695
2984
4113
3300
4036
4050
4087
4109
4046
4089
4088
4091
4079
4069
3488
4004
4047
3847
4042
3693
4035
4048
3940
3527
3794
3776
3865
4031
3996
4024
4023
3746
3000
3080
3832
3555
1049
1202
1774
1926
2425
2430
4015
2488
3464
2726
2749
2764
2794
2825
2908
2937
2977
3182
3993
3199
3442
3994
2966
3082
3098
3110
3100
3175
3217
3218
3220
2846
3358
2953
3702
3415
3513
3521
3526
3536
3566
3612
3647
3696
3717
3758
3780
3822
3861
3872
3879
3896
3943
3999
2483
3997
2473
2792
3982
3986
3079
3796
2985
3925
3884
3962
3932
3941
3811
3903
2594
2007
2404
2408
2419
2859
3592
3650
3933
3851
3934
3677
3433
3621
3731
2903
2952
3215
3649
3396
3638
3422
3188
2436
3180
2572
3895
3902
3416
3906
3783
3748
3747
3876
3523
3835
3857
3866
3846
3852
3804
3829
3692
3626
3548
3833
3825
3831
3820
3789
3818
3792
3428
3495
3765
3778
3779
3752
3627
3423
3749
3732
3688
3764
2996
3332
3622
3691
3700
3705
3703
3452
3674
3699
3541
3060
3568
3563
2858
3205
3039
3446
3515
3445
3395
3389
3388
3348
3267
3213
3206
3658
3678
3449
3597
3676
3664
3506
3665
3620
3136
3036
3483
3663
3662
3410
3438
3646
3390
3299
3639
3588
1726
3611
3631
3560
3572
3575
3619
3609
1949
3494
3581
3603
3599
3583
3081
3207
3582
3558
2556
3437
3537
3491
3559
3553
3549
3276
3507
3519
3535
3451
3505
3474
3517
3374
3479
3492
3467
3425
3482
3078
3275
3444
3456
3473
2555
2986
3441
2346
2453
3105
3173
3431
3453
3084
1983
2490
3439
3120
3427
3400
3414
3412
3382
3076
3408
3399
3018
3370
3211
3369
3393
3380
2712
3020
3372
2044
3366
3336
3342
3324
3360
2877
3362
3359
2223
2282
1956
3319
3350
3326
2645
3282
3208
3269
3247
3249
3252
2874
3246
3263
3234
3251
3259
3237
3198
3254
3243
3240
3201
3228
3236
3233
2847
1797
1996
2409
2758
2905
2951
3132
3117
3204
2804
2405
3085
1957
3196
3194
3185
3170
3093
3171
2789
2012
2983
2972
2960
2931
2924
2909
2907
1297
1298
1299
1300
1396
2949
2950
2990
2576
2854
2999
3010
3011
3029
3030
3037
3056
3063
3066
3069
3089
3108
3123
3127
750
751
748
749
746
747
744
745
707
644
706
642
643
1335
1574
1081
1318
966
997
998
964
965
962
963
960
961
958
959
852
853
854
850
851
823
848
849
752
2862
2715
1748
1829
2252
2439
2773
2744
2863
2796
2805
2856
2872
2573
2771
2511
2046
2049
2153
2217
2248
2309
2033
1977
1881
1770
1675
1469
1377
302
467
495
2885
2644
2528
2523
2517
2458
2228
2152
1963
1811
2981
1492
2737
2507
2449
2814
2680
2288
2005
2767
2826
2866
1985
2901
2892
2878
2888
2686
2882
2879
1705
1980
2004
1599
2191
2845
1733
2205
2240
2242
2263
2247
2246
2396
2306
2477
2578
2678
2388
2085
2227
2864
2830
2828
2455
2177
2839
2840
2832
2823
2821
2709
2643
2797
1943
2790
2799
2780
2740
2807
2806
2505
1462
2765
2793
2775
2781
2489
2748
2716
2729
2755
2727
2685
2603
2558
2731
2103
1940
2738
2734
2166
2735
2719
2000
2076
2180
2708
2342
2690
2703
2518
2691
1472
2580
2648
2564
2415
1928
2226
2356
2358
2361
2476
2660
2547
2545
2506
2437
2454
2631
2646
2640
2634
2031
1971
2630
2618
2627
2354
2298
2253
2271
2245
2220
2214
2097
2610
2623
2615
2567
2600
2579
2597
2593
2588
2561
2001
2530
2475
2075
2450
2533
2504
2516
2512
2480
2502
2412
2509
2498
2426
2462
2460
2461
2456
1382
2431
2413
2434
303
301
2380
2422
2378
2407
2307
2197
2229
2042
2091
2145
2183
2181
2182
1921
1964
1968
1981
1463
1798
1889
307
2382
2015
1062
2359
2321
2322
2357
2337
2370
2325
2318
1436
2179
2350
2340
2232
2235
2293
2250
2249
2304
2231
2222
2305
2310
2258
2283
2251
2255
2286
2225
2241
2265
2167
2020
2268
2257
2237
2224
2168
1989
2078
2087
1370
1196
1974
2039
1998
1812
2083
2071
1979
1941
1923
1818
1784
1695
1642
1625
1554
1499
1464
2187
1329
1217
2080
1950
2081
2048
2157
2139
1906
2162
2070
2155
1938
1990
1158
2113
1970
2017
2114
2120
2093
2051
2029
1840
2052
2043
2035
1624
1570
1875
2026
2027
2003
2013
1927
2010
1810
2006
1641
1775
1993
1991
1747
1293
1734
1972
1493
1779
1808
1776
1819
1960
1944
1741
1672
1772
1931
1916
1872
1932
1945
1935
1427
1878
1761
1789
1458
1239
1306
1897
1917
1459
1461
1446
1473
1918
1896
1597
1856
1879
1232
1860
1876
1583
1874
1859
1466
1508
1509
1828
1824
1838
1227
1836
1249
1771
1498
1485
1607
1653
1777
1785
1787
1745
1792
1754
1738
1727
1513
1558
1294
1760
1615
1657
1690
1715
1750
1567
1529
1708
1057
1337
1515
1711
1471
1725
1730
1457
1506
1732
1697
1465
1692
1684
1668
1701
1676
1053
1555
1388
1528
1413
1698
1667
1680
1663
1346
1595
1613
1543
1681
1619
1355
970
1045
1058
1662
1544
1572
1573
1644
1614
1649
1637
1206
1507
1611
1590
1568
1569
1606
1589
1592
1571
1587
1588
1591
1550
1565
1460
1584
1182
1209
1041
1552
1580
1562
1575
1576
1549
1511
1451
1546
1531
1526
1534
1522
1510
1103
1497
1448
1456
1421
1437
1314
1236
1311
1486
1383
1489
1067
1169
1086
1188
1072
1184
1018
1358
1228
1467
1449
1226
1302
1441
1426
1424
1416
1414
1320
1261
1255
1216
1185
1092
1060
974
715
489
320
1121
1295
1245
1238
1430
1325
1442
1390
1434
1433
1234
885
1423
1394
1380
1391
1389
1063
1212
1403
1375
1402
1333
1340
1392
847
1341
1039
1381
1354
1040
1021
1047
1144
814
1373
1347
1020
1091
1132
1148
1151
1220
1221
1348
1251
1342
1356
1334
1193
1336
1326
1321
1324
1327
1304
1155
1223
1269
1266
1165
1271
1222
1268
1254
1250
1256
1180
1218
1253
1248
1160
1224
1116
984
1038
1098
1150
1244
1152
1214
1215
1225
1213
1243
1219
1229
1201
1141
1203
1204
1127
1211
1154
1183
1163
1099
1078
1069
1174
1108
1145
1048
1088
1070
1089
1059
882
1128
1106
1118
1115
1100
1046
1068
942
994
1036
1079
1085
1029
1056
1016
1044
685
883
1051
1027
1031
996
995
1017
989
957
888
486
977
1015
929
948
954
1003
688
797
968
935
949
983
953
955
845
924
972
956
943
937
939
944
946
947
951
952
973
976
889
919
872
718
950
941
724
721
719
717
716
714
945
915
630
911
690
695
920
720
871
909
913
355
899
880
873
855
867
844
840
839
859
812
864
834
824
846
784
808
395
817
835
819
732
726
803
795
799
778
712
782
801
796
739
738
737
733
802
800
705
798
403
742
740
741
736
743
735
734
780
753
681
771
699
770
703
704
481
694
769
701
675
615
635
702
693
687
708
691
692
697
728
613
723
696
682
637
722
537
677
639
676
670
483
524
469
651
518
650
641
488
410
638
552
530
280
281
485
629
533
487
482
484
351
640
636
603
572
516
558
614
374
535
571
525
588
478
390
602
589
557
521
490
551
578
590
556
555
512
472
474
566
419
547
534
532
407
550
416
465
520
479
480
515
458
412
529
522
510
511
531
507
424
514
466
391
404
304
338
414
468
413
470
473
415
443
305
321
375
418
471
340
353
409
247
394
335
408
449
417
423
384
356
299
431
422
411
279
278
331
294
266
325
360
359
361
265
397
170
382
357
293
358
385
387
386
252
370
257
181
333
291
292
314
248
258
348
313
298
297
310
317
326
308
312
300
285
315
318
334
342
319
306
289
316
295
240
296
272
259
288
250
172
199
104
264
256
273
267
268
249
175
171
241
182
33
87
127
174
179
219
200
187
244
236
228
233
177
226
215
210
207
205
203
183
194
163
155
169
94
86
167
60
67
110
125
135
10
78
129
117
42
116
70
103
37
89
84
83
81
36
74
76
35
17
13
14
58
63
59
26
12
7
68
41
40
45
48
25
28
27
24
29
30
34
32
31
11
15
22
8
6
5
9
16
19
18
2
