2071
4110
5107
5106
5104
4305
5103
3621
5102
4628
1869
4552
4899
4933
4965
4982
4060
4909
5088
5075
5080
4987
5097
5096
5095
5012
4765
5047
5090
5062
4171
4970
5085
2401
5074
5084
5081
5082
4239
4116
5051
1262
5069
5065
5068
5064
2934
2712
5058
3985
5057
5056
3478
5055
5016
5054
5053
4972
5052
5050
5020
5048
5049
4329
5043
4619
5041
4586
5040
5038
5035
748
4847
5024
5025
5023
5022
5019
5018
5011
5017
5006
5015
5014
4989
3300
5002
5007
5008
4406
4954
5004
166
5003
4802
3016
4990
4943
4916
916
4999
4971
2019
4988
4991
4997
4998
4996
4308
2358
4994
3005
4337
4813
4993
4450
4981
4907
2985
99
4913
4718
4985
4967
4983
4961
4979
3558
317
494
20
495
67
2056
137
315
559
640
665
669
785
883
1018
1023
4300
3055
4877
4951
4730
4162
4963
4962
4778
4959
4958
2382
4906
4941
4921
4947
4888
1165
4867
4952
2476
4438
4940
478
4942
4944
4808
3062
4085
4939
4895
4938
4934
4910
4928
4732
4917
4927
1745
4831
4854
4879
3482
4839
4779
4650
4919
1123
4918
3600
4914
4915
4857
1159
4911
4743
4902
509
4900
3962
4903
824
4896
3521
4893
4834
4804
4816
536
4897
4898
4894
3761
4800
3801
4444
4454
4882
4880
4873
4855
3760
3507
4783
4883
4452
4875
4862
872
4858
4304
4533
3861
4762
4860
4876
4439
1282
4807
4811
4872
4870
4843
4316
3911
4865
4433
3662
4863
4844
4859
4153
693
3147
4824
4852
4832
3858
4797
4782
4848
4728
3357
4835
4582
4513
4841
4840
4788
4780
4486
1487
2618
4830
2089
4825
4823
4809
3743
4822
4587
4442
4714
3438
4814
606
4818
4817
4810
2900
4798
4805
4806
4815
1543
4784
4812
3629
4794
4397
4786
4306
4142
4771
4790
4748
4787
4789
3430
4173
4756
3830
4761
4763
4764
4776
4777
4097
4758
4760
4754
4722
4772
4759
4318
3782
2884
3553
4609
4755
4752
4356
1855
4568
4751
1799
4721
4717
3589
4272
4672
4747
4740
4440
4741
4737
4059
4374
4734
4735
4656
2673
4736
4729
3924
2550
4614
4476
3838
2941
4658
3411
4724
4276
4553
3720
2794
4725
1718
3818
2988
3971
4727
4034
3205
2688
3598
1310
3698
3646
3663
3556
3403
2841
3145
2905
2700
2508
2289
2808
1796
2191
3415
4719
4592
4716
4378
3437
4712
4715
4707
4072
4467
4709
4711
4405
4543
4701
4266
3863
4700
4699
2983
2962
4351
4236
4696
4478
4692
4485
4693
4190
2567
4687
3597
4666
3142
4608
4683
4685
4675
4443
1505
4682
4618
4448
4178
4566
3552
4640
4668
4368
4662
4480
3050
4659
4660
4425
4652
3735
2740
4581
4638
4637
4651
4654
3900
4653
4649
4648
4624
4629
4639
4636
4630
4635
4634
4632
4245
4633
4626
4595
4597
4623
4622
4615
4585
4601
4396
4607
4610
4616
4617
3440
1338
4611
3057
4483
590
4604
4594
4584
4590
4564
4589
4571
4563
4579
4577
4108
4578
4547
4331
4572
4570
4484
4561
4049
4560
3475
4376
4559
4540
4558
4556
4371
4550
4555
4503
4551
2627
2797
4545
4499
4541
4522
4524
4539
4523
4517
990
4529
749
4536
4070
4534
4436
379
3885
4520
2493
876
3882
2014
3792
3723
3732
3322
3695
3515
3537
2921
512
3458
3419
3330
3298
2399
3207
3051
864
2429
1454
592
432
4515
4500
4516
3890
4514
4512
4501
4510
4509
3744
4507
3294
4506
3824
4057
4401
4474
4481
4470
4497
4490
4493
4494
4393
4488
4489
2138
3839
4346
1825
4362
4456
4403
4282
4464
4286
4453
4473
4434
3512
3153
4462
3528
4460
4449
3093
4021
4164
4081
3461
4451
3878
3789
3777
3608
2398
2922
4423
4195
4090
4187
4435
4398
4054
3412
4447
4446
4445
4441
4428
4089
3938
4437
4325
4399
4417
4377
4388
4360
4340
4327
4323
4251
4246
4248
4240
4226
4129
4094
4007
3292
1901
1085
387
3997
4402
25
4231
3574
3649
3798
3873
4117
4420
4418
4409
4412
4414
4342
4394
4410
3879
4262
4407
4367
3379
4301
4096
3317
4386
3557
4312
4385
4382
4381
4375
4307
4344
4370
4020
3880
4365
4361
4348
4359
3497
4353
4352
4320
4339
4208
3295
3904
1961
4295
4303
4132
4319
4169
4194
2800
3483
4302
3783
2638
4317
4310
4035
4315
4309
4314
4311
4313
4109
4098
4141
4257
1365
4259
4296
4292
4006
4294
4249
4283
4281
4287
4265
4261
4244
4279
4271
4199
4273
4095
4123
4253
4252
4168
1902
2721
4247
4232
4222
4243
4242
4241
3952
4050
4091
3957
2963
3872
4086
3846
4111
4009
4227
4215
4119
858
4214
4115
4207
4211
4209
4205
3607
4206
4039
4114
4201
4107
2174
1703
980
22
230
3886
4180
3498
4170
1723
4197
3623
4186
4008
4078
4139
4037
4157
3120
3819
3759
4127
4177
4130
4167
4172
4163
3843
4144
3987
4082
4156
3452
4118
585
4155
2359
4150
4064
3823
3841
4056
4058
4136
4135
3894
4102
4120
3630
3631
4113
1694
4104
4093
1675
4101
4099
4087
4088
3978
3527
899
4080
3266
4077
4075
4067
4055
4073
4071
3058
4069
3664
4036
4065
3754
3177
1078
4051
4033
4005
4044
3979
3995
4040
3519
3963
3988
3998
4000
4022
3837
4026
4025
4016
4012
4019
2915
4024
3827
3977
3933
3969
4003
4011
3981
4002
3999
3943
3973
3797
3964
3967
3965
3953
3961
3956
3942
3946
3954
3667
3869
3950
3949
3936
1720
3731
3909
3895
3868
3884
3928
3887
3749
3763
3767
3772
3773
3803
3805
3806
3857
3844
3840
3867
3926
3921
992
3678
3922
3917
3870
3874
3548
3897
3913
3910
3725
3842
3332
3901
2315
3891
2974
1230
1232
3881
3871
3848
3713
3864
3862
1970
3691
3847
3849
3815
3845
3799
3596
3831
3633
3780
3800
3833
3816
3762
3821
1148
3808
3796
3787
3665
3668
1920
2424
3788
3790
1643
3739
3770
3766
3756
3769
3708
3753
3751
3733
3745
3740
3390
3718
3729
3724
3734
3726
3721
3719
3711
1664
2468
3453
3661
3651
3696
3714
3710
3644
3658
3700
3703
3706
3686
3689
3699
3704
3684
401
2433
3362
3690
3685
3003
3674
3657
3656
3648
3653
1943
579
1013
3555
3642
2519
3635
3476
3560
3625
2051
3605
3619
3609
3602
3616
3615
3606
3604
3599
3510
3539
3563
3450
2552
3591
1552
1350
3536
3582
3573
3572
3579
3594
545
2782
3184
3583
3586
3566
3532
1980
3570
2685
3489
2775
3544
3487
3562
3541
3545
3002
3538
3533
3504
1999
3530
3529
3523
3513
3522
3520
3518
3148
3511
1273
3506
3381
3486
3470
3484
3490
3493
3268
3299
3485
3454
3472
3457
3442
1966
3473
2645
2668
1060
3469
3463
3462
2143
2266
3265
3436
3433
3432
3441
3400
3435
2545
2844
3420
3424
3421
3423
3396
3414
3422
3232
517
3410
3351
3361
3399
3359
3416
3277
3389
3409
3407
3321
3376
3394
3382
3365
3242
1596
3385
3391
3372
3386
3375
2846
3331
3378
3273
3324
3377
3360
3366
3306
3308
3339
3354
3355
3353
3358
3356
3344
3340
3224
3350
3347
3333
3337
3180
3178
3229
3320
3316
3323
1893
3267
3195
3311
3312
3307
3150
2949
3301
1705
3281
3282
3283
3259
3269
3278
2674
2975
3206
3271
3276
3274
3243
2978
2809
3209
2355
3201
3213
3264
3260
1291
3186
2687
2764
3249
3246
3247
3185
2404
3236
3237
3220
3227
2321
2023
3221
3223
3216
2923
3204
3211
825
3199
3189
3197
3053
3190
3192
3059
3179
3141
2484
1737
3173
3114
3174
3154
3157
3088
3159
3133
2173
3143
1202
2997
3151
3033
3146
3140
2544
3046
3096
3119
3122
871
2279
2722
3023
3110
3021
3107
3115
3099
2691
3112
3098
2932
2998
2743
3056
2260
3097
2993
3077
3027
3069
3001
2859
3048
2902
2996
3076
3072
3045
3065
3067
3070
3066
2292
744
3038
3049
3000
3034
3019
3028
3037
3031
3017
3030
3012
2360
2909
2287
3004
2104
2999
2895
2987
2986
2976
2984
2969
2215
2973
2972
2880
2959
2965
2942
2946
2956
69
2125
2947
2860
2885
1964
2952
2948
2689
2944
2933
1168
2943
2888
2873
2870
2912
1034
1725
1808
2931
2930
2330
2406
2805
2897
1053
2017
2710
1911
2890
2913
2847
2848
2898
1968
1963
476
29
2387
2566
2348
2062
2704
2726
2607
2649
2580
2344
2378
2128
2212
1356
2066
1132
1158
1040
1044
807
2002
2131
2894
2755
2891
2896
2186
2883
2654
2850
2881
2865
2876
2863
2843
2837
2842
2806
2817
2796
2851
2714
2855
2830
2733
2650
2744
2826
2792
2810
2829
2825
2793
2807
2804
2665
2765
2772
2795
2709
2647
1102
1027
1414
934
1924
2435
2777
2783
2770
2735
2751
2759
2758
2705
1822
2719
2738
2074
2609
2451
2749
2706
2723
2314
2549
2732
2148
2418
2599
2411
185
2646
2324
780
2573
770
786
1578
971
1609
1657
2461
1915
2079
2231
2275
2296
2309
2486
2390
2400
2402
2403
2605
2422
2446
2452
2565
2568
2610
2626
2639
2686
2693
2713
781
2716
2707
2683
2518
2153
2464
2667
2409
1088
2703
2702
2341
2662
2679
2681
2656
2663
2666
2660
2675
2669
2670
2574
2652
2651
2582
2655
2628
2641
2282
1818
2408
2253
2535
2633
2629
2224
2623
2028
2581
2548
2098
2278
2611
2597
2593
2162
2553
2560
2394
840
2349
2346
2571
654
1868
2136
1738
1688
1488
2522
2585
2539
2578
2577
1987
2575
2209
2194
2471
1965
1962
2551
2572
2569
2570
2558
2454
1815
1847
1649
2405
2503
2540
2525
2526
2537
2532
2521
1801
2479
991
2511
2419
2514
2442
2507
2431
2509
2512
2473
2489
1563
1666
1387
2498
2496
1933
2410
2458
2421
2445
2477
2491
2474
2462
2469
2463
2021
2328
2459
2453
1429
2444
2438
2441
2430
2432
2407
2412
2427
2426
2423
1528
2420
2377
2206
2396
2388
2375
1228
2340
2366
2383
977
2376
2379
2361
2086
2372
2337
2363
2351
2326
2357
2329
2338
2311
2302
2303
2176
2318
2181
2264
2211
2300
2298
2312
2310
2262
2306
2261
2252
2273
939
1162
834
2254
2255
2152
2216
2257
2036
2251
2247
2239
2238
2240
2207
600
1894
2234
2233
1991
2229
543
2187
1384
2204
2210
987
2078
2085
2092
2189
2122
1828
2190
908
1814
2192
2183
43
1192
2175
275
436
1022
1163
1410
1362
1404
1499
1521
1759
1906
2178
2171
2165
2167
1972
2166
2158
2163
2137
2159
2123
670
1903
2025
2142
2147
1967
2140
2141
2110
2145
2106
2040
2139
2094
924
2129
1995
1871
2093
2018
2096
1905
2116
2103
2111
375
1195
2107
2112
2105
2022
1969
2088
1936
2006
1359
2081
2077
1984
2044
2042
2065
2050
525
1646
2052
1827
2049
773
2005
1285
1795
1119
848
2033
2027
2003
1976
1927
1992
1997
1988
1432
1971
1935
1932
1886
1940
1919
1939
1942
1838
1014
1930
1923
1925
1914
1910
1863
1835
1897
1866
1457
979
1046
1896
1895
1849
1873
1295
1709
1655
1183
1826
1882
1874
975
1817
1829
1836
1834
1862
1821
1816
1433
1322
1342
1769
1274
1477
1843
1848
1800
1803
402
1823
1810
1781
1819
1382
1573
1690
1805
1797
1776
1673
1721
1777
1779
1736
1763
1783
15
1753
1772
1691
1765
1773
1770
1768
1739
1719
1051
1746
1748
1747
926
1651
1726
1712
1735
1740
1043
1742
1729
1730
917
1724
1684
769
1672
1701
1708
1683
1680
1679
1695
1537
1611
1200
1648
1590
1662
1601
1630
1344
1629
1567
1652
1497
1178
1661
1656
1584
1650
1621
1639
891
1244
1641
1564
1306
1628
1604
1568
1626
1593
1623
1595
1616
1605
1613
1599
1588
1475
685
1555
1512
1575
1582
1579
1476
1570
1420
1561
1558
1508
1515
1531
1541
1391
1100
966
1155
1534
1511
1538
165
1514
1522
610
1184
968
1496
1513
1498
701
1440
1504
1482
1492
1486
26
1480
1461
1127
1372
1431
1143
1435
1442
1412
1427
1419
1439
931
1029
1447
1443
1438
1411
958
1421
1395
1373
1364
1417
1248
1277
1406
1371
1397
1264
1346
1283
1380
1381
1375
1374
1272
1024
1039
1347
1360
1352
1002
1323
100
1166
1294
705
628
877
529
811
1340
1331
796
1328
1314
1193
1116
988
852
689
1263
1187
287
888
818
447
639
588
448
1252
455
1267
1309
1281
1286
1289
1296
967
1297
1167
1292
1290
1236
1270
932
1012
1251
1240
1265
1255
1239
1164
986
1007
1223
1219
1015
1213
1216
1201
1210
1214
1209
1160
1185
1149
1205
1129
1080
1177
554
1179
228
1142
927
937
1125
1150
1169
1161
1146
1135
1136
1131
1133
998
1124
760
1058
1069
1117
1107
392
1062
1098
1004
1083
655
1084
1081
907
1057
1042
1064
905
1054
1045
974
1038
936
911
960
1026
970
1008
837
885
893
902
959
116
646
812
443
299
768
1010
993
996
929
982
957
940
34
799
953
944
761
758
947
938
941
832
928
919
775
753
921
912
898
882
892
884
906
910
859
897
868
846
886
874
750
838
879
847
863
757
756
755
752
861
836
857
855
842
618
616
813
804
411
733
833
687
810
823
777
797
821
778
814
767
803
754
793
747
790
751
518
787
783
732
391
706
723
718
290
765
759
311
668
738
734
724
712
720
715
713
710
442
661
561
684
522
673
679
699
702
141
19
18
316
619
499
686
594
652
456
658
611
651
612
349
222
642
597
641
326
630
553
617
613
621
607
457
508
530
473
608
601
558
419
583
555
581
575
569
571
565
472
410
460
482
556
551
300
534
487
548
531
502
155
312
527
291
322
429
513
503
409
479
515
73
46
21
510
505
498
241
449
461
471
466
458
464
454
283
450
331
47
45
249
253
433
418
407
382
416
404
304
385
336
362
332
370
227
334
368
51
330
286
384
360
378
373
341
333
346
310
327
234
24
301
303
296
282
269
288
268
229
280
272
216
197
270
267
259
254
255
221
256
231
247
214
86
232
225
132
98
191
209
199
202
198
188
123
169
170
129
168
171
152
109
143
17
71
77
111
107
66
90
49
48
52
56
16
23
36
35
31
