6066
3357
6062
6059
4620
6051
1087
5799
6045
6042
6039
6040
6032
6033
6031
6029
6028
6026
6025
6024
6023
6018
6022
6020
6016
6015
6038
5997
3839
6017
3941
5983
6010
6006
6009
4779
4490
5914
6004
5995
2076
4086
5991
5958
3124
5932
5937
5984
5979
5880
4570
5978
4123
5967
5947
3471
5929
5977
2711
4152
2612
5970
5971
5963
5965
3649
4601
4884
5211
2114
5961
5952
5960
5962
5915
5878
5917
5951
5950
4254
5931
5948
5138
5939
3646
5839
5213
3073
4329
5913
5911
2692
5532
5881
5897
3860
5856
3183
5462
3425
1054
1250
5905
5894
5893
5879
2705
5901
4016
5620
5837
5838
2041
5869
5874
5753
3780
3468
5868
3788
3521
1550
1551
1473
2185
3506
3316
3254
5860
5858
5822
4272
3853
5828
2996
3125
5746
4858
4809
5848
5811
4843
4842
4844
5793
4828
5662
5134
5282
5821
4275
3009
2962
1874
2689
2679
5826
5681
5698
5735
5812
2268
5805
2640
2637
2635
4439
2555
5809
787
4129
1003
5804
1241
5778
5638
5712
4618
5762
5803
4039
5751
5193
5195
5749
5783
5776
2469
2317
5786
5784
5775
5773
5772
5697
3753
5779
3777
4472
5322
1728
2090
5771
5758
5757
2801
3500
3442
2802
4326
3008
4185
5752
4428
5748
5745
5729
5667
5718
5623
5714
5736
3944
5704
5703
5737
5705
4897
4000
3436
4382
4114
2194
1679
4181
4559
4564
5702
5701
5602
4614
4499
5695
5690
5688
5680
5674
5679
5675
5478
5586
5619
3710
5371
3356
5673
4850
4662
4754
5659
5670
5600
5323
503
5366
5643
5639
5555
5567
5505
5578
5617
5210
5466
4617
4852
5066
5421
5506
3717
5050
5627
3412
3329
3271
4723
2599
4456
3596
5471
5105
5131
5225
5312
5334
5208
5595
5529
5531
5528
5615
3518
5165
3986
3509
1655
4084
2552
2749
5203
3977
5347
4587
3467
5499
5498
2702
5495
4306
4713
5272
5490
5569
3226
5244
4327
5488
5474
1584
1746
5459
5533
5489
5511
4425
5374
5295
5294
5354
5504
2994
3739
5472
5473
3227
3539
1212
5464
5483
5486
5482
5477
5476
5202
5452
5106
5020
4982
4949
4874
5475
5440
5061
3914
5223
5296
2631
5065
5442
5268
5441
1587
1585
1557
1206
5422
5419
4158
5281
5427
5403
5414
3728
1668
4261
338
5409
4654
5311
5390
4021
5207
5204
5285
5084
5152
5254
4431
5381
5297
4597
5370
5305
5360
5345
5053
5219
5189
5200
3083
5335
5194
4825
5369
4461
5083
1657
4824
5120
4700
5355
4594
5328
5316
5306
5141
5337
5332
4818
5319
4328
5325
3824
5236
5260
5160
3349
2894
5186
5301
4757
5214
2832
3041
4454
4441
3895
5196
463
3270
548
4692
5251
4418
5209
3263
3765
5231
4546
5199
5257
5149
5185
5247
391
5235
5233
5220
5063
5215
5232
5229
554
5206
5205
4832
5129
2928
3756
4683
3959
2190
5161
4971
3066
5197
5201
4083
5125
5110
5069
3867
1803
1664
5043
5212
1461
1785
4659
4900
4133
4720
3713
5182
5092
5095
5179
4058
5176
2127
5116
5180
5144
4561
5168
5155
5159
4555
5150
2136
5108
1727
2903
4634
5140
4442
4410
5052
5060
1704
3579
4925
48
5123
5130
3677
5124
4968
2995
5096
2876
1735
5013
5016
5023
5100
5088
4999
4903
4973
4868
5091
524
3091
924
4951
4790
3103
4887
5074
4370
5075
5073
4807
896
5068
5081
4814
5071
4793
4802
4913
4288
557
5070
3884
4485
5034
737
4805
3899
5059
4947
4945
4862
4992
724
4702
1005
399
5007
3928
3804
3505
3390
4902
4792
4770
1612
5031
1560
5025
4991
4191
5026
3294
3079
5006
3686
4498
4780
4864
4833
5004
5015
5017
4981
4758
4835
5002
4789
4908
4266
4812
3277
831
4579
4514
4839
4969
4964
4963
4965
4966
4967
2264
4959
4857
2771
3913
4838
4766
4267
4856
4892
4837
3993
4956
4957
3077
4871
2021
4948
4387
4912
4928
4863
4931
4840
4826
4846
4848
4895
4243
4788
4479
4861
4849
4712
4845
4905
4851
4855
4898
4896
4894
4847
4888
4866
3819
2189
1976
4881
4655
4474
4241
4865
4859
4870
4721
2155
4117
3875
4860
4854
4853
3854
4841
4777
4739
4616
3836
4820
4823
4822
4821
4819
4085
4640
4769
4806
3147
2843
4701
2567
501
4468
4803
4696
3873
4553
4645
4646
4589
4625
4628
4563
4776
2175
4725
3348
4738
4756
4722
2838
4368
2409
4768
4764
4751
4747
4732
4679
4763
3527
943
4726
4697
4741
4718
4714
4426
4471
4704
4678
4643
4716
4515
4708
4240
4247
4183
4159
4187
354
1810
3055
4139
4107
4105
4103
4102
4707
4658
4695
3272
3708
2497
1581
4685
4656
4676
4408
4675
4076
4067
4258
4259
1950
4669
4665
4639
4660
4635
4486
4592
4649
4633
4631
4481
3100
4627
3837
4575
4217
4626
2135
1951
2371
4457
4615
4595
4593
3958
4607
4608
4567
4566
4482
4599
4521
4583
4598
4473
4584
4582
4576
4469
3307
400
4565
4558
4577
4573
4513
4574
1308
4302
4355
4464
4295
4278
4298
4283
4291
4297
4307
4315
4319
4320
4322
4373
4404
4421
1049
4502
3530
2124
4538
4081
4549
456
4487
4470
3880
3881
4477
4156
4437
3832
3835
3841
3844
3851
3852
3858
3877
3902
3575
4289
4501
108
1630
4495
4174
2472
635
4478
1269
4409
4384
1538
4475
1501
4466
4449
4446
3112
3215
4104
4398
4353
4379
4252
3910
2661
4401
677
4427
4422
4366
4414
3834
4335
4360
4367
4380
3980
4023
4054
1236
4374
4359
4364
3887
4325
3136
4135
3207
3808
3809
3810
3310
2926
3222
4001
4357
4352
4351
4336
4358
4362
4348
1633
3121
3293
4337
4141
4313
4332
4305
3791
3826
3992
4308
862
1566
2768
3821
798
2815
1298
2449
403
1062
4310
2879
656
4303
4293
4301
2849
4165
4280
1213
2384
2069
4290
3072
4294
4279
4285
4277
4260
3908
4237
3585
416
4257
4256
3443
4233
4235
4251
4231
4239
4246
3779
4244
4238
4219
4212
4218
4192
4205
2216
4207
3736
4027
3917
3889
4041
4032
4036
4057
4204
3981
4193
4161
2080
889
4188
4173
4166
4175
4167
4163
4172
4119
4162
4160
973
1621
3998
4150
3719
4143
4109
4147
4146
4140
4154
4148
4130
4134
4120
4132
4052
4121
1676
4113
3234
4115
4108
4070
700
4096
4090
4093
4049
3996
3643
1896
3361
4071
3798
4065
4079
2128
2840
4077
3937
3827
4074
2153
1790
3888
3932
4053
4055
4059
4062
3991
3822
3820
4026
4006
3989
4056
4050
3982
3940
3946
4042
3291
3962
3960
3950
3938
3934
4028
3961
3936
3935
888
773
4017
3921
4014
4013
3979
4010
1906
729
3863
3778
3746
3711
971
3951
3957
3721
3638
3723
3495
3645
3639
3800
3729
1996
2045
3930
3257
3909
3522
3971
3865
3968
3949
3927
3882
1726
3964
3953
3924
3682
3684
3683
3712
3688
3687
3663
3676
3673
3892
3680
3681
3773
3679
657
3952
3912
593
3606
3675
3685
1943
3939
3886
552
3878
3876
3922
3797
3919
3866
3674
3831
3678
3670
3672
3671
846
3795
3857
3856
3855
3850
3849
3848
3847
3846
3845
3843
3840
3838
3904
3833
3830
3829
3828
3825
3823
3812
3811
3903
976
3896
3766
3801
2769
2560
3864
2217
3842
3799
3817
3815
346
2795
2855
3116
3387
3768
3767
3656
3745
3742
3755
3748
2677
2664
3465
3668
3666
3715
3578
529
1226
375
3570
3702
3651
3647
868
3641
3404
1718
3655
2209
3455
947
3642
3363
3595
2921
788
3629
644
1707
3584
3597
1864
1650
1217
3123
3551
1118
1329
1341
3489
3533
2688
469
3562
3543
1610
3563
3117
3473
3528
3545
3546
3547
1246
2163
1907
3424
3519
3498
1455
1975
2168
3423
2144
237
3427
2038
3142
150
3503
1120
1320
3374
3497
3488
1602
828
3470
3464
3446
3286
2970
2865
1781
1910
2678
2229
3193
3440
3437
3067
3341
3360
3367
3358
3453
3452
3439
504
3246
3097
1680
3262
963
691
3288
3432
3431
3433
2342
3419
3368
2065
3180
2602
2070
1962
1705
3260
3345
3355
3380
3269
3403
3366
3371
906
3391
3320
3388
3365
2132
716
3205
3327
3182
3268
3267
2463
3344
3342
3347
1574
3292
3082
3144
3154
3202
3290
1942
2904
381
3249
2293
3282
3301
2811
3164
3287
825
3303
3258
3289
3284
3279
3266
653
3274
3261
1347
2288
3162
1909
2834
3206
3223
3110
3241
2286
3221
3186
3228
3175
1355
1795
387
1131
3115
3163
3181
3200
2196
2025
2203
3034
3167
3170
2785
3165
2966
2990
3155
1353
3000
2852
3132
3140
3033
3130
3133
2841
2722
2411
2225
3045
3062
3076
1623
3129
1618
3048
3113
3114
3104
1570
2548
2542
2547
2512
3096
3105
2066
1846
1546
2353
3061
2416
2481
2442
827
2381
1698
3074
1592
3068
2287
3037
3051
3054
3023
2334
2313
2300
2295
2294
2292
2280
2278
1595
2867
3039
2735
3024
2580
2999
3015
3022
3038
2265
2257
2224
2881
3030
3003
2551
2967
2981
2655
660
3014
766
1313
2977
2998
2979
2075
1752
2969
2968
2040
1843
1713
2951
2133
2866
2925
2221
2177
2173
2152
2164
2162
2161
2156
2139
2930
2929
2799
2923
2723
2906
2902
2186
2102
1963
2900
2732
2848
2820
2632
2087
2057
2889
852
2029
1911
1487
1750
1729
1724
954
2878
2830
2779
2869
2868
2818
2854
606
1575
2673
2760
2837
2821
2819
2817
795
2792
2759
2803
402
2772
2745
1172
2690
2756
2212
2211
2208
2207
2733
1635
2680
2738
2634
2726
2701
222
2710
2724
2644
1659
1658
1647
1637
2594
2698
2685
2651
2291
2676
1147
2665
1086
2654
2653
624
1540
1124
1266
1549
1552
2650
255
2195
2648
2647
2629
2628
2377
2176
2642
2636
2638
2611
2622
1879
2223
468
2603
2604
2165
1629
1997
2166
2198
2193
2202
2197
2201
2188
2187
2184
2183
2206
2205
2405
2545
2546
2505
2239
2457
2539
2464
1865
2390
2528
2549
1092
2192
2279
1723
1205
2447
2476
2233
2393
2482
2307
2431
2461
2388
2453
2086
2440
2410
2419
2372
2084
2374
2138
2389
2262
2354
2357
2398
2414
2373
2330
2299
2380
2347
2089
2391
2368
2250
2369
2237
231
1738
2355
2248
2356
2349
2140
2348
2318
2122
1861
1869
2321
1884
2085
1985
1786
1730
1699
1463
2126
2297
2324
1683
1643
2309
2311
853
2222
2269
1927
650
2134
1586
2005
2174
2157
2234
2261
1228
1690
1891
2238
1627
2240
2242
2159
2235
2179
2200
815
2210
2204
2199
2191
2178
1597
1365
2160
2167
1832
1622
1656
1912
685
2147
2137
2141
1816
2130
2101
915
521
455
369
1977
162
1873
1936
1984
2088
2092
2003
2079
1695
2068
1109
564
2046
1322
2028
1386
1252
2059
2060
2058
2034
498
1419
2055
450
1883
2048
1588
522
488
1993
596
1615
1608
611
446
1606
2012
2019
2013
1956
1938
2016
1989
2010
261
1994
1971
1987
1590
1922
799
1583
1893
1569
1562
1885
1958
1311
1881
1895
1889
1946
1336
1568
1935
1928
1696
1827
1567
1870
1096
1394
1449
1317
1877
1038
1835
1722
1403
1309
797
473
1871
1813
1818
1700
1694
1001
1845
1824
1799
1671
1833
1817
1848
1847
1543
1836
1684
1666
1196
1823
1796
1774
1747
1653
1645
1642
1805
1798
1749
1760
1787
1791
239
1761
748
1770
1772
1711
1769
1703
1554
1474
1759
1762
1733
1721
1326
1717
1536
1508
680
1499
1259
1716
1667
1674
643
1486
1607
1441
1504
1458
734
1478
1477
1617
1640
1601
1614
1454
1451
1456
1400
1220
1506
339
1432
1422
1150
1491
1523
1527
1418
1636
1638
1619
1057
1051
1030
713
652
626
1593
1452
1416
1632
1625
1414
1332
1343
1613
1328
1358
1362
1616
1339
1620
569
558
516
477
470
517
1345
830
1576
476
1382
1609
1604
1591
1125
211
1507
1427
1534
1316
1208
1370
1229
1366
1596
1599
910
667
684
1342
1589
553
648
1132
1389
1571
1558
1516
847
1470
1323
1333
1541
1535
1532
1533
1531
1482
664
1518
1319
1514
1517
1505
1315
1502
1509
1475
1496
958
1485
807
810
811
835
822
802
801
786
780
472
420
494
1283
1282
717
1279
1225
1267
1284
1097
1274
1442
1459
1176
1294
763
756
1286
1457
1448
1450
1421
1354
1436
271
1443
1260
1426
1437
602
588
577
533
442
536
530
515
424
388
877
541
640
545
389
771
639
755
752
726
710
701
696
549
651
610
574
675
676
649
665
398
609
654
630
623
1066
987
988
636
899
848
949
991
933
967
984
1042
1000
448
931
595
674
880
690
546
697
520
561
895
559
1079
1023
555
500
975
703
1154
435
917
1013
1063
1091
1032
1080
1050
1067
1429
1256
511
109
1292
1361
1373
1334
1359
1392
1410
1381
1209
1233
1384
1393
1396
792
281
618
631
1210
777
953
841
1383
1189
1276
382
376
367
324
316
314
275
265
186
1237
1318
1360
1324
1090
152
1340
1321
1273
1338
1144
538
1281
1271
1300
1302
18
1312
1230
1162
1254
1093
1130
1133
1222
1253
1258
1275
1290
641
634
192
187
1224
1264
1257
911
550
1243
1244
1235
957
1171
1231
1207
1199
1095
1201
1134
315
1198
1194
302
1195
1142
1183
1191
1180
1184
1182
1181
1177
1149
912
1170
1123
1159
1165
1164
705
1161
366
1157
1156
1153
43
1122
1126
1136
1137
1146
1119
843
1135
919
1104
1105
1111
1102
1100
121
608
1089
1094
836
829
1076
863
1071
544
1078
142
1053
523
998
1074
1065
1058
1027
531
573
1012
985
1048
1047
1041
1043
1006
1007
1004
1024
1022
1021
997
1011
993
944
1009
879
884
343
999
996
994
995
990
965
992
718
753
982
986
979
983
974
981
978
977
582
968
966
744
962
955
961
959
782
964
960
730
956
941
950
952
946
951
945
918
219
920
940
936
932
923
937
929
938
921
908
930
935
934
471
926
925
922
909
820
914
900
916
893
903
891
897
901
894
902
886
715
885
659
892
882
890
323
305
655
778
706
693
887
454
330
159
864
725
881
727
814
819
699
583
587
637
638
698
851
858
876
826
874
873
867
870
869
866
865
860
855
857
326
750
859
849
838
850
721
451
842
845
833
844
758
840
837
173
812
433
839
834
751
821
824
704
796
686
359
817
580
385
805
809
818
790
207
816
158
808
803
804
800
742
785
794
711
759
772
781
492
791
10
793
507
576
746
128
586
760
707
762
757
779
708
612
768
775
770
774
767
728
761
764
738
679
629
543
695
741
745
594
466
617
749
678
712
722
747
735
702
731
739
743
436
51
374
452
736
361
732
273
681
584
709
723
692
445
666
663
671
670
672
673
683
687
688
689
694
614
632
622
510
668
669
661
502
646
628
539
627
585
439
642
616
401
604
625
551
592
607
613
621
620
619
560
570
598
572
571
603
601
597
394
422
562
269
565
578
581
542
540
525
486
467
371
300
556
566
527
513
479
372
301
568
567
526
386
534
415
484
537
518
490
257
514
519
508
489
485
348
491
506
136
496
495
499
418
383
378
363
462
443
432
413
411
228
215
493
331
449
434
440
380
412
62
67
167
176
189
204
205
216
229
243
254
329
347
349
487
405
410
421
423
437
482
444
441
447
459
384
368
461
465
475
151
140
137
93
478
464
480
392
474
325
428
458
457
182
453
409
430
203
247
407
417
414
396
227
397
393
390
232
135
259
294
270
272
279
296
290
309
344
353
358
365
370
377
352
360
364
40
197
233
334
337
362
356
351
340
342
141
251
333
327
318
92
285
308
312
248
264
179
298
280
287
286
241
282
274
276
266
260
157
245
256
225
252
250
185
83
82
65
59
57
55
49
124
126
138
148
155
168
175
177
221
217
218
249
198
235
202
214
236
240
242
244
223
230
220
180
37
213
212
200
35
9
6
191
193
91
145
149
160
170
178
190
201
194
199
196
195
188
174
166
169
87
161
156
147
100
114
132
133
130
127
125
122
120
119
105
115
116
101
106
117
96
99
77
81
97
102
103
113
112
80
104
90
69
95
60
64
76
89
66
58
75
63
53
72
8
33
52
71
70
68
54
50
45
46
38
41
7
12
14
28
44
36
30
19
32
26
21
24
23
20
22
11
15
13
5
4
