10049
9698
9700
9923
9943
8102
10911
10637
10598
10906
10481
10908
10823
9952
10876
10852
10907
9816
10905
10903
10507
10682
10897
10901
10900
10899
10898
10149
10765
10625
10025
10822
10845
9558
10231
10282
10893
10807
10501
6930
10885
10892
9436
9736
10888
10862
10889
8868
10636
10647
4939
10322
10406
7511
7733
8565
7858
10246
10026
9448
10359
10873
9745
7418
10743
10692
10836
10464
10053
9895
10471
10886
10373
10626
10288
10097
10312
10453
9864
10753
10791
10101
10878
7840
10748
9549
10777
9022
10796
10390
8315
10389
9369
10797
10751
10838
10859
10624
10366
10634
10194
10731
10866
10863
10864
10096
10324
10818
10827
10860
9166
10218
10855
9853
10824
10853
10851
10539
10585
10264
10848
10776
10819
10843
10790
10844
10830
10842
10201
10673
10388
10769
9654
8920
7910
7909
7690
10746
7064
5957
9269
10754
10786
10723
10533
8183
10787
10808
10800
10816
10815
10558
10810
10643
10592
8805
7411
9896
10482
10371
8264
10438
10802
10782
10095
10783
10276
10771
10733
10052
10726
10422
10623
10433
10609
10050
10588
10767
10793
10792
10762
9537
10784
8027
9947
10437
7217
8525
10772
10770
7957
10293
10401
10619
10736
10719
10395
10633
8702
10032
10761
10756
10760
10658
10744
10068
10730
10273
5501
10737
10738
10695
8758
10436
10703
10114
10747
10745
10583
10620
10740
10603
10639
10510
10381
10709
10735
10693
10618
10287
10707
10727
10728
10716
9881
10559
10685
10611
10659
10699
10451
1947
479
10582
10649
10621
10599
10708
10610
10641
10628
10646
10627
10601
10713
10544
10522
10614
10702
10696
10382
9696
10561
10650
6204
10689
10686
10669
10680
9709
10597
10606
10500
10596
10640
10683
10400
10670
10572
10660
10667
10323
10607
10661
8879
10424
10139
10333
10502
10608
3610
10590
10651
10642
10316
10365
10648
10644
9953
10632
8022
9349
10498
10497
10441
10600
9637
10195
9568
10311
8773
9539
9879
10180
10478
8560
8257
10160
9975
10602
10546
10547
10484
10259
10317
10591
10375
8935
9443
9823
8566
9548
9770
9927
10467
9047
9995
9814
10233
10232
10107
8720
10330
10413
10615
10408
10542
10473
10574
10054
10579
10314
10519
10353
8092
10570
10325
9839
10569
7534
7841
9801
10499
10258
10483
10565
9942
10183
8057
10254
10474
10247
10251
10515
10364
10339
10340
10523
9007
10548
10549
10545
9285
9913
9840
10029
9687
10480
10527
10538
10486
10493
10432
8244
10190
10344
10392
9284
10479
10380
10469
10536
8764
5070
10079
10094
8694
10410
10358
10262
9424
10517
10509
10511
10525
10490
10485
10076
9935
10268
10520
9951
10513
10516
10099
10495
10470
9957
10443
10372
10491
9930
3077
9138
9070
7581
8865
10115
10302
10468
10463
7678
7207
7061
6572
6594
5333
5332
10466
5130
10335
10455
3888
7823
10341
8018
10318
10428
1271
10457
10037
10394
10374
9035
9352
9351
10439
10279
6423
8280
10120
10072
10121
10393
9680
8743
3589
8255
9910
10093
10362
10409
10426
8993
8863
5747
5983
5861
6212
6391
7291
9571
6776
7459
5962
9213
9218
8003
9216
9266
7726
9286
9423
9429
9332
9967
9276
10158
9788
10127
9475
9444
10332
10412
10090
10048
8379
8289
6706
6323
7537
6509
6511
7140
10320
10321
10404
8895
9346
8636
6060
6240
9449
9603
8266
9498
9587
9644
9813
10384
3353
10069
9795
8047
10250
10294
9909
8569
9831
7608
7415
7406
3880
1432
1505
9772
10352
9694
9843
10345
8814
8820
8826
8359
8031
8142
8881
8220
8155
7948
7914
7872
7870
7615
8362
7612
7468
6459
7091
6926
7644
8375
7808
8149
9800
10378
9797
10376
7483
8141
10119
9447
9299
9301
9167
8905
8904
7831
9178
7994
8680
8423
8427
8538
8557
8559
8561
8562
8567
8629
8632
8663
8402
8403
10249
8415
10047
9937
10290
3364
9114
5622
9807
7103
5745
6307
7956
7846
7844
7845
7836
7843
6566
5681
5997
5689
7965
7565
7564
7562
7561
7560
7559
7558
7557
7556
7555
7553
7550
7549
7584
7583
7582
7580
7579
7576
7574
7569
7567
7566
9738
7657
7802
7828
7826
7700
10363
10360
10286
10285
10313
10349
10350
9817
6592
8917
10152
10331
7848
7554
7488
9069
10270
10308
10083
9838
9849
10315
10297
10329
10299
10275
10171
8279
10284
9811
10296
9750
10274
9863
9463
9997
10281
10034
9912
10161
9668
10278
10022
10257
10162
9697
7068
9061
7753
9936
8338
9836
10211
10051
10147
10212
10113
9885
9850
9012
9617
9776
10146
10044
9958
10206
9651
10221
10197
8265
9990
9984
10104
10192
10131
9815
10040
9959
10209
10214
10213
8924
9983
8597
10135
10150
10173
10125
10181
9704
10159
8259
10184
10186
10035
10185
8498
9077
10153
9683
10164
10033
10132
10124
10086
9790
9841
9971
9887
9799
10039
9837
10108
10129
10123
10063
10133
10122
10111
9702
9847
10078
10118
9857
10077
8016
9833
9890
10038
10105
10074
9865
10066
10058
10071
10080
8140
10057
9977
10013
9798
9088
9089
9186
9300
9383
9761
10061
9201
9966
9441
9928
9747
10020
9733
9899
10030
8545
9348
9803
9766
9763
9886
9783
10024
9615
9973
10014
9972
10007
10015
10027
9898
8807
9193
9714
7663
8913
8065
8912
8923
9716
9832
9567
6778
10010
9824
8417
9884
9941
9858
9648
9263
9938
6374
9564
9802
9932
9765
10009
9901
9982
9893
9880
10000
9949
9235
9052
8798
9688
9834
9835
9988
9385
9892
8464
9894
9842
9584
9791
9960
9825
9974
9376
9536
9280
8139
9741
9866
9944
9962
9859
9170
9851
9916
9883
9856
9948
9561
5971
9576
9729
9939
9796
9918
9701
9891
9751
9777
9827
9655
9485
9867
9897
9882
9005
9752
5837
7861
9878
9789
9505
9826
9708
9663
8736
9876
9877
9774
9771
9812
9071
9767
9379
9165
9742
9542
9639
9461
9754
8284
9822
9739
9830
9775
9593
9810
9773
8005
9287
9496
9769
9139
9419
9324
9613
9570
9598
9435
9779
9664
9437
9781
9784
9667
9116
9117
9758
8416
8811
9762
8737
8734
9689
9682
9086
9545
9728
9718
9681
9588
9490
9725
9591
9416
4920
9592
9673
9662
9283
9328
9678
9684
8361
9656
9533
9690
9624
9642
9623
9705
9693
9653
9527
8251
9304
9440
9695
8475
3291
9679
8599
9657
8858
9645
9439
9438
9236
9494
8733
9629
9633
9630
8510
9137
8347
9582
9636
8468
8824
9631
9341
9625
9191
9458
9459
9233
7143
9589
9506
9192
8987
9417
7661
8129
9612
6032
9611
9608
9594
8884
9397
9483
9456
9583
9056
8497
9577
9562
8830
9048
9388
9361
8793
8732
7897
9492
9563
9453
7518
8585
9347
9508
9418
9396
9402
9433
9470
9566
9524
9538
9225
9556
8478
8750
8465
8175
9279
8678
8596
9502
8674
8351
9331
9101
9381
9501
9516
8921
9118
8622
5280
9127
9243
9242
9241
9239
9247
9248
9268
9519
9491
9460
9513
9282
9267
9489
9329
9512
9507
8813
9125
9499
9311
9474
9472
9426
9303
9410
9493
9340
9251
9357
9091
9250
9249
9246
9245
9244
9240
9326
7572
9465
7617
9107
8850
9106
9342
9466
9468
8704
9096
9462
9264
8642
9446
9445
9336
8605
9320
9412
7729
8430
9365
9364
8855
9406
9042
8944
9404
9068
8101
8100
7413
8996
9339
8901
9382
3234
9238
9237
6136
8864
9261
9302
5286
9180
9350
9358
9354
8810
9259
7642
9262
9281
6213
9033
9032
9115
8074
9307
7070
9345
9210
8291
9297
9327
9228
9205
9325
9207
8184
9020
8980
7847
8229
7851
8034
9119
7685
9305
9050
9295
8598
9183
8817
8779
9016
8226
8862
8909
7800
8646
9090
8738
8504
9099
9272
7052
7735
7570
9212
9043
7577
7571
7575
7578
7586
7587
7588
7590
7591
8856
9195
9223
7859
7915
7641
9073
8495
8852
8857
8931
9112
7734
8902
9168
9209
8818
9019
8970
8789
3067
9179
8877
9144
9152
9131
9145
9156
9044
9189
8271
9120
8834
7921
8781
9164
9126
9013
8934
8907
9157
7230
8962
9158
8604
9135
8651
9150
8950
9002
9128
9147
9132
6256
7799
5925
5904
8977
7967
9051
8790
8787
8745
9124
9121
7351
9072
8759
9065
9095
9066
9057
9113
8816
9103
8786
6567
8500
7278
8638
9055
9021
8908
7754
8324
9014
8640
8897
9046
8806
8428
8644
9049
7600
5763
8827
5938
8989
8782
8999
8316
8043
8947
9053
9024
9037
8965
8955
8991
8749
7950
8002
8915
8942
8926
8876
8334
8649
8323
8898
8744
8377
7765
8333
8940
8771
8401
8533
8563
8691
7374
8761
8938
8998
5981
8730
8469
8982
8812
8983
8981
8966
8910
6883
8979
8975
8960
8774
8211
8971
8943
8008
8919
8780
8936
8939
8932
6891
8869
8831
8958
7343
7959
8956
7028
7029
7030
8949
8948
8467
6892
8637
8235
8484
8941
7963
7960
8815
8381
8847
8889
6081
6681
8903
8859
8713
8925
8714
7913
8583
7535
8665
8586
8885
7377
8387
8222
7373
8613
7128
8388
8838
8860
8801
7505
7837
8843
7244
7243
5222
8726
7906
8675
8631
7832
8321
8268
8297
8792
8261
8273
6041
8609
8237
8580
8755
7349
8777
8731
8742
7686
8740
8778
8466
8479
8576
8281
8848
8741
8551
7933
8581
8471
8407
8572
8488
8608
8832
8406
8822
7158
7138
8784
8689
8610
8821
8819
5076
7598
8800
8110
8343
8785
8584
8607
8628
8718
8719
8711
7912
8776
8600
8437
8136
8037
8521
8109
8765
8293
8751
8753
7804
8746
8748
6368
8716
8462
8418
8747
7643
8723
7512
8681
8660
8496
6826
8455
8426
8727
6042
7875
7632
5742
3261
6846
8292
8721
8364
8710
2783
8623
8668
8708
8050
8405
8558
8595
8627
8652
7337
8360
8602
8683
8460
8015
8145
8571
8692
8615
8619
8616
8326
8425
8121
8370
6184
4943
8667
8522
8671
8339
7182
7183
7918
8614
8461
7104
7916
8391
8648
8655
8657
8658
8549
8647
8591
8662
8539
6698
8544
8541
8654
8650
7414
8317
8620
8634
6092
8516
8582
8527
8624
8120
8592
8530
7675
8245
8369
7962
8574
8458
8553
7035
7232
8590
8568
8552
8588
8589
7707
8486
8526
7390
7191
8515
8236
7520
8536
8520
8519
8021
8499
6098
7849
8431
8512
8483
8422
7248
8501
8450
8508
6555
8301
7167
8463
8481
8434
8489
3395
7589
8474
8187
8451
8476
8311
6963
8480
8454
8470
8446
7911
8277
6179
7995
8447
8424
8000
8283
8216
7354
8409
8006
8421
8217
8320
7949
8295
7852
7491
8335
7563
8385
7328
8298
8374
7759
8336
5555
7923
7545
8395
8392
7961
8330
8382
8188
7530
8353
8185
7504
7381
7779
6692
8350
8310
8285
7928
8200
8349
5959
7628
8013
7983
8011
8263
8305
8210
8178
7922
7072
8313
8296
8218
8314
8299
8309
8307
8300
8303
7743
8219
8274
8180
8191
8267
7662
8278
8186
5974
7706
8117
8269
8224
8162
8227
8167
8249
8242
8247
8260
7430
8115
8114
8177
6615
6938
7336
7355
7531
7650
7713
8205
8131
8017
8061
8082
7947
8079
8147
8153
8123
8124
8119
8116
8118
8111
8112
8098
8103
8030
8068
7953
7989
7926
7919
7920
7879
7917
7422
7402
8104
7503
7340
8231
8214
7486
7142
8157
8203
8215
8206
5355
8009
6612
7732
7059
8158
7127
7805
7495
8164
7791
7673
8156
8099
7769
8126
8125
8012
8173
8194
8122
8137
8176
8067
8182
7605
7604
7318
8025
8163
8001
8113
8161
8152
7606
7696
6651
3595
7974
7324
7854
8071
8078
7862
7332
8066
7363
7634
8097
7529
7536
6884
7867
6515
8086
7616
8070
7528
7568
7546
7850
6682
6683
6684
6693
7024
7198
7222
7655
7654
6650
8080
7980
7274
7952
7365
6678
8032
6890
7334
6889
7830
8053
7525
8052
8048
8038
7978
7437
7603
8004
7977
7955
7992
7416
8020
6808
6302
7446
7507
6679
7204
7680
6941
6943
8024
7088
5995
7892
7820
7889
7988
7946
7815
7975
7931
7982
7300
7787
7683
7966
7633
7038
7037
7034
7292
7838
7443
7932
6593
7046
6362
7360
7476
7471
7595
7597
7924
7775
7898
6909
7715
7899
7027
7260
7347
7026
6922
7388
7033
7025
7711
2520
7704
7447
7193
7609
7886
7763
7883
7880
7192
7629
7853
7865
7687
7868
7484
7812
7109
7551
6749
7777
7585
7573
7372
7229
7755
7810
5690
6057
6578
6907
7134
7247
7665
7647
6668
6303
6301
6140
7818
7819
7816
7648
5336
5283
7290
7809
7480
7455
7666
7110
7656
6974
6685
6677
7825
7827
7714
7682
7547
7636
7798
7702
7781
7784
7803
7797
7709
7677
7778
7801
7475
5639
7277
6712
7741
7299
7307
7196
7766
7767
7790
7776
7308
7772
7613
7487
6785
7751
7635
7768
7757
7645
7750
7310
7467
7472
7708
7724
7671
7658
7736
7699
7701
7728
7596
7727
7120
7627
7626
7625
7674
7482
7417
7703
7624
6360
6999
6858
7611
7618
7681
7652
7659
7710
7651
7705
7552
7672
7689
6900
7684
6763
7473
7510
7664
7522
7293
7073
7653
7266
7526
7161
7338
7016
7273
7361
7275
7276
7489
7492
7497
7499
7622
7477
7548
7376
7538
7592
7215
7176
7478
7367
7312
7521
7427
7425
7322
7493
7032
7509
7031
7436
7180
7320
7614
7319
7515
7178
6554
5551
4936
5680
7257
7353
7519
7294
7429
7458
7256
7474
7469
7311
7220
7378
7380
7498
7500
7496
7285
7371
7481
7479
7470
7369
7412
7379
7465
7439
7321
7139
7419
7306
7434
6262
7359
7389
6040
7162
7055
6209
7375
7000
7345
7195
6804
7309
7133
7344
7356
7241
7295
7364
7409
7098
7352
7368
7305
7408
7362
7366
7393
7400
2774
6595
6490
7370
7129
6802
7384
7315
7316
7205
6276
6275
6274
7130
7313
7065
7194
7301
7036
7023
7317
7240
7237
7238
7239
7234
7235
7236
5941
7154
7155
7282
7304
7298
7314
7297
7296
7302
6898
6546
6748
7131
7268
7323
7284
7242
7279
5986
7214
7099
7177
7166
6731
7187
7213
7165
6636
6114
6366
6972
6339
6338
7069
7081
5719
7058
6097
7197
6901
6695
7181
6829
6801
7094
6630
6635
7179
7174
7175
7211
5921
6680
6936
6466
6988
6403
6836
7169
7171
7093
7170
6984
7112
6904
6721
7074
6694
6482
6985
6962
6624
7045
6964
6828
6805
6337
6894
6813
7019
7020
6767
6882
6877
6843
7097
7015
7146
7014
6880
6876
7135
6634
6861
6885
7017
6902
6733
6854
6895
6971
7003
6491
6787
6966
6942
6279
7076
6888
6968
6334
6851
6940
6124
6970
6167
6318
6691
6848
6591
6855
6825
6750
6921
6903
6762
6726
6435
6432
6881
7013
6822
5984
6796
6797
6950
6673
6856
6752
6852
6625
6983
6832
6960
7041
7040
6887
6886
6879
6803
6751
6934
6814
5201
6346
6935
6986
6982
6969
6967
6939
6937
6878
6933
6799
6638
6628
6676
6830
6831
6896
6474
6236
6754
7002
6821
6382
6734
6747
6905
6833
6973
6981
6823
6773
6819
6790
6838
6975
6835
6948
6910
6912
6756
6820
6853
6923
6786
6486
6689
6192
6640
6717
6915
6788
6619
6897
5982
6739
6292
6661
6866
5960
6816
6817
6818
6455
6841
6859
6744
6345
6659
6812
6716
6725
6687
6543
6629
6639
6732
6632
6761
6777
6597
6722
6742
6729
6730
6054
6686
6815
6709
6723
6690
6700
5753
5972
6793
6727
6758
6757
6789
6539
5924
6728
5167
6724
6633
6492
5979
6587
6499
6610
6775
6134
5820
6617
6557
6430
6429
6265
5478
5678
6662
5050
5744
6671
6670
6697
4934
6006
3323
4326
3355
6321
6608
6720
6642
6620
6743
6520
4935
6753
6357
6536
6696
6541
6741
6740
6738
6737
6648
6658
6600
6022
6251
6252
6688
6305
6601
6577
5973
6444
6518
6669
6299
6453
6519
6626
6599
6497
6609
6585
6416
6500
6063
6623
6637
6514
6551
5514
6358
6495
6622
6386
6534
6533
6576
6570
6596
6481
6604
6559
6507
6517
6133
6261
6300
5928
6516
6548
6544
6537
6185
4737
6277
6437
6438
6439
6445
6542
6196
6498
6319
6446
6563
6473
6304
6574
6558
6535
6538
5725
6427
6187
6496
6388
6407
6510
6512
5781
5930
6021
6024
6494
6547
6349
6320
6484
6485
6493
6452
6488
6483
6487
6426
6381
5956
6479
6480
6489
6055
6475
6348
6053
6298
5077
6328
6395
6431
4244
6411
6352
6420
6378
6038
6356
6350
6428
6020
6418
5547
5822
5872
5929
5935
6019
6072
6120
6103
6033
6017
5927
6268
5410
6023
6354
5966
6056
6201
6052
6229
6253
5968
6405
6059
6351
6361
6264
6198
6283
6293
6387
6257
6286
6415
6090
6396
6397
6398
6344
6347
6343
4905
6220
6164
6404
5289
6071
6315
5115
6162
6132
6295
6353
5676
5909
6028
6210
6309
6266
6247
6238
6237
6225
6224
6223
6359
6255
6282
6144
6355
6306
4544
5975
4784
6221
5886
6199
4759
6004
6104
6083
6254
6165
5913
6243
6285
5814
6089
6039
5709
6228
6160
4749
5902
5998
6112
6291
6294
6263
6260
6258
6259
6094
6250
6272
5615
6245
6241
6027
6197
3342
5932
6246
6203
6195
6200
6171
6049
6127
6101
6099
6239
6194
6119
6216
5926
5876
6141
6222
6189
6138
5718
6206
6169
6163
5398
6113
6190
5720
5677
6168
6130
6125
6073
5923
6091
6175
5934
6074
6066
6126
6051
6135
6161
6170
6012
6106
6084
6105
6131
6139
6100
6172
6145
4773
5970
6025
6018
5901
6128
6129
6142
6137
5955
5735
6037
6109
5628
5953
5985
5743
5846
6003
5883
6002
5950
6030
5818
5717
6013
3565
6005
5978
5922
6034
6036
5933
5987
5951
5897
5080
5954
5899
5459
5875
5967
5276
5828
5877
5246
5833
5816
5832
5746
5840
5989
5999
5988
5931
5445
5556
5949
5839
4932
5900
4918
5919
5164
5961
5845
5429
5888
5522
3375
5118
5404
5838
5937
5402
5906
5243
5347
5773
5869
4783
5907
5831
5859
5405
5714
5403
4922
5847
5629
5322
5894
5842
5834
5881
5583
5891
5649
5887
5862
5420
5829
5739
5844
5613
5856
5803
5843
5830
5835
5162
5836
5858
5798
5841
5346
5212
5809
5767
5765
5721
5351
5390
2395
5251
5032
5562
5776
5734
5850
3073
5804
5770
5554
5303
5769
5668
5166
5799
5801
5771
5662
5211
5669
5766
5764
5625
5220
5726
5699
5805
5700
5523
5655
5761
5797
5731
5768
5762
5774
5729
5775
5738
5473
5508
5732
5730
5275
4615
4825
2559
914
1141
915
1684
3367
3601
5168
5210
4140
5348
5293
5387
4769
4853
4844
4640
4431
5692
5693
5696
5698
5498
5206
5635
5299
5056
5185
5057
5054
4959
4884
4823
5507
5621
5192
5360
5529
5301
5060
3573
5616
4462
5453
4552
3443
3445
3448
3450
2347
4743
4845
5636
5740
4035
4902
5013
5702
5259
4984
5574
5539
5640
5712
5242
5247
5306
5568
5633
5495
5519
5637
5142
5652
5409
5183
5292
5009
5262
5257
5565
5569
5165
4927
5566
2710
5454
5463
5477
5462
5614
5627
5679
5660
5647
5643
5664
4917
5386
5582
5434
5686
5704
5701
5546
5382
5596
5474
5594
5612
5641
5646
5288
5626
5611
5319
3900
5475
5642
5603
5673
5468
5634
5671
5650
5399
5610
5606
5339
5607
5617
5644
5624
5497
5623
5528
5645
5432
5585
5184
5378
5524
5379
5548
5575
5587
5584
5573
5136
5240
5553
5571
5401
5605
5570
5586
5608
5433
5385
5618
4834
4894
5572
5461
5567
5577
5563
5527
5513
5380
5505
5544
5241
5494
5198
5225
5354
5426
5353
5446
5534
5465
5074
5282
5526
5469
5238
5161
5466
5476
5302
5235
5472
5139
5460
5464
5471
5383
5438
5467
5458
5470
5455
5485
5435
5320
5431
5423
5256
5345
5358
5368
5449
5447
5234
5365
5406
5145
5107
5310
5349
5237
5352
5294
5415
5388
5350
5308
5362
5213
5266
5384
5381
5324
5343
5359
5316
5328
5344
5361
5323
5357
5335
5397
5267
5278
5148
5239
5369
5305
5291
5279
5363
5337
5223
5311
5179
5263
5236
5049
5181
5190
5326
5149
5307
5317
5321
5318
5329
5153
5325
5085
4921
4955
5230
5265
5296
5295
5023
4878
5272
5264
5261
5260
2224
5199
5258
5117
5202
5082
5205
5186
5122
5123
5175
5135
5137
5134
5109
5110
5129
5108
5078
5094
5095
5066
5067
5059
5065
5041
5045
5034
5037
5024
5025
5029
5014
5018
5002
5007
5253
5204
5219
5221
5200
5203
5194
5195
5197
5189
5193
5163
5170
5188
5158
5160
5152
5154
5156
5144
5146
5151
5138
5140
5143
5047
4914
5073
5000
4938
5033
4956
4957
4961
5090
3609
4990
5040
5048
4231
4928
4933
4475
4873
4962
3611
5089
4832
4908
705
5096
4899
5075
4998
4937
5046
5093
4909
4546
5004
5015
4980
5026
4802
5039
4968
4906
4931
5069
4782
4053
4786
4903
4991
4785
4289
4919
4965
3745
4559
4912
4960
4926
4735
4951
4736
4953
3747
4974
4781
4913
4891
4897
4997
5005
4907
4966
4813
4977
4896
4900
3510
3520
4809
4981
4954
4910
4973
4971
4979
4916
4867
4904
4747
4882
4925
4810
4885
4911
4263
4898
4728
4734
4748
3771
3772
3773
4756
4828
4751
4799
4890
4850
4821
4358
4870
2274
4865
4858
4842
4753
4859
4221
4423
4851
4835
4827
1754
3500
4354
4187
4805
4806
4852
4860
4843
4829
4837
4814
4795
2098
4794
4826
4628
4812
3660
4864
1503
4862
4863
4744
4409
4801
4807
4693
4767
4824
4822
4840
4816
4733
4719
3631
3707
4766
4750
4680
4610
3634
4754
3599
4361
4788
4778
4672
4678
4379
4791
4608
3518
4776
4518
4768
4694
4668
4666
4059
4521
4543
4684
3661
3548
2905
3653
3553
4341
4607
4619
3493
3344
3441
3538
4279
3525
3529
3756
4322
3638
3368
3522
3664
3973
4313
4627
4670
4702
3668
4677
4683
4674
4631
4519
4685
4691
4681
4689
4695
4612
4613
4611
4697
4699
4701
4703
4705
4707
4669
4227
3622
4673
4676
4682
4686
4688
4690
4698
4721
4576
4709
4692
4540
4711
4687
4679
4675
4671
4667
4474
4696
4650
4700
4206
4658
4614
4629
4704
4706
4708
4710
4617
4623
3630
4557
3800
4406
4609
4539
4115
4223
4641
4549
4568
4616
4636
4621
4529
4430
4355
4428
4429
4547
4548
4577
4600
4620
4574
4524
4514
4532
4587
4575
4573
4598
4564
4408
4586
4551
4531
4541
4436
4530
4533
4569
4567
4566
4534
4571
4538
4535
4442
4561
4550
4545
4542
4527
4525
4495
4443
4394
4523
4565
4528
4471
4526
4556
4517
3734
4485
4473
4440
4175
4516
4504
4446
4350
4507
4484
4483
4444
4515
4415
4489
4497
4416
4493
4494
4492
4482
4421
4419
4252
4404
4437
4410
4405
4445
4439
4417
4403
4395
4420
4407
4396
4418
4414
4375
4376
4397
4191
4386
4413
4411
4290
4441
4349
3542
4426
3547
4171
4393
4367
2915
4364
4384
4385
3860
3805
4366
4224
4370
4174
3444
3808
4353
4351
4173
3591
4143
4323
3568
3677
3716
3752
3746
3821
3899
3910
4063
4291
4004
3579
3996
4272
3190
3022
4267
4245
4248
3798
3806
3279
3506
3507
4197
4061
4060
4225
4293
4303
4300
4302
4312
4301
4285
4299
4295
4294
4286
4297
4247
4280
4288
4211
4284
4271
4250
4101
4246
4256
4094
2487
4254
4214
4222
3807
4003
4157
4064
4177
4068
4062
4233
4240
3908
4236
4166
4126
4203
4120
4192
4213
4181
4100
4219
4176
4183
4205
4189
4188
4172
4185
4170
4123
4182
4155
3753
4168
4131
4102
3927
4049
4127
4154
4150
4147
3521
3462
3995
4139
4075
4121
3957
3956
4048
4099
3963
4104
4116
4128
4074
3665
4079
4105
4071
4072
4047
4069
4107
4083
4067
4108
4082
3363
3994
3988
4106
4042
4040
3954
4036
3305
4073
4002
4023
4052
4041
3755
3651
2351
3721
3843
3654
3715
3754
3497
3351
3370
3275
2409
3482
3380
3381
3382
3695
3309
3312
3294
3296
3308
2002
2410
3775
3779
3780
3766
3767
3768
3774
3643
3763
3764
3765
2408
3641
3642
3975
3943
3523
3483
3663
3944
3998
4001
3978
3982
3989
4037
4044
4045
3953
4038
3976
3977
3984
3960
3985
3993
4000
3823
3986
4039
3528
3945
3980
3822
3997
3983
3979
3981
3974
3959
3946
3999
3814
3804
2807
3728
3729
3730
3718
3724
3725
3726
3727
3717
3720
2661
3719
3723
3802
3803
3819
3541
3722
3934
3846
3848
3898
3831
3882
3896
3897
3906
3919
3827
3832
3710
3845
3797
3712
3794
3799
3714
3637
3656
3662
3672
3760
3713
3711
3769
3770
3709
3708
3624
3581
2237
3517
3679
1268
3632
3593
3558
3683
3592
3678
3559
3543
3700
3639
3562
3594
3626
3564
3670
3646
3659
3552
3674
3627
3615
3479
3657
3554
3532
3420
3550
1351
3535
3557
3514
3546
3378
3606
3473
3489
3418
3298
3569
3621
3566
3385
3572
3544
3607
3347
3491
2919
3563
3515
3328
3487
3492
3485
3509
3496
3410
3484
3307
3154
3199
3486
3456
3449
3527
3421
2675
3490
3422
3365
3460
3324
3508
3505
3435
3306
3311
3502
3549
3495
3432
3442
3374
3540
3539
3488
3280
3480
3551
3423
3393
3424
3292
3297
3477
3242
3498
3494
3503
3501
3481
3475
1368
3396
3331
3303
3384
3466
837
3371
3329
3429
3457
3431
3433
3412
3392
3315
3376
3426
3270
3310
2120
3394
3397
3357
3387
3391
3398
3400
3390
3389
3320
3366
2996
3361
3304
3346
3340
3349
3352
2178
3162
3339
3319
3313
3259
2385
3282
3272
3283
782
1642
2702
3221
2776
3157
3314
3284
2394
3258
3271
2391
3149
2349
3183
3262
2673
1290
3260
3278
2371
3108
2008
2734
3264
3160
2337
3251
3209
3163
1444
3235
2130
2420
2934
2338
2260
2627
2537
2342
3243
2009
3192
3239
3146
3249
3223
2359
2012
3189
2660
913
3203
3063
2920
2404
3226
1725
1620
512
2840
2644
2662
2997
3195
3047
3112
3045
2972
3136
2406
2768
1933
3181
2820
3219
3089
3168
3210
2667
3142
3214
3102
3202
3141
3198
349
2956
2929
3191
3043
3148
3054
911
2651
3129
2348
3147
3126
3012
3165
3152
3158
3155
3101
3096
3005
3064
3171
3161
3070
2912
3053
2378
2584
2708
3118
3111
3046
2959
3068
3121
2935
3139
3123
2646
2413
2586
2689
2341
2640
2641
2927
2690
3138
3072
3124
3100
3048
3051
3119
3122
2538
2731
2612
2452
2616
2730
2607
2535
3083
2506
2642
2573
2624
2682
3095
3106
2503
3049
3050
2978
2714
3093
3086
2494
3084
3006
2603
2878
3011
3059
2856
3066
3055
2629
2775
2813
3052
2826
3044
2994
3035
2977
1940
2717
3034
2992
3016
3014
2993
3021
3015
2999
2484
2762
1372
2843
3002
2907
2549
2707
2563
2880
3041
3013
2811
3007
2621
2973
2976
2982
2983
2984
2998
3000
2683
2981
2987
2830
2881
2893
2902
2434
2752
2676
2659
2894
2968
2967
2966
2965
2882
2890
2889
2892
2891
2839
2386
2931
2932
2223
2930
2550
2833
2715
1945
2838
2598
2913
2467
2744
2781
2922
2263
2918
2650
2769
2177
2192
2794
1907
2886
2888
2887
2885
2916
1569
1201
1205
2720
2719
2369
2685
2437
2551
1919
2450
2376
2637
2869
2771
2825
463
2362
2356
2355
2354
2352
2884
2883
1373
2281
2282
2283
2284
2285
2286
2287
2280
2531
2398
2674
2595
2557
2835
1920
2382
2647
2853
2906
2852
2837
2836
1608
2645
2375
2367
2819
2543
2529
2546
2652
2657
2623
2845
2874
2879
2068
2841
2859
2789
2746
2805
2745
2587
2718
2810
2430
2854
2534
2788
2772
2727
2679
2151
2468
2725
2574
2373
2379
2753
2755
2804
2743
2421
2822
2821
2758
2795
2796
2560
2812
2792
2449
2504
2297
2267
2665
2666
2740
2703
2773
2688
2687
2027
1212
1237
1215
1200
1202
1203
1204
1206
1207
1208
1209
1210
1211
1009
1052
1053
1079
1086
1121
1122
1125
1198
1199
788
842
853
927
928
929
939
966
967
159
757
804
900
923
925
149
156
157
175
656
663
738
740
765
766
541
659
667
739
741
392
471
540
152
485
556
585
592
611
632
638
653
635
650
651
652
655
478
487
557
634
608
288
457
554
604
605
606
400
454
456
458
460
461
462
464
468
470
472
473
474
480
514
515
553
555
451
142
178
382
391
448
449
511
513
516
517
616
151
455
466
467
469
483
484
2558
2547
2686
2492
2754
2668
2505
2649
2778
2777
2276
2716
2578
2742
2722
2680
2691
2694
2639
2533
2726
2383
2340
2339
2602
2114
2692
2611
2663
2670
2681
2610
2486
2601
2672
2579
2597
2517
2580
2632
2539
2344
2658
2606
912
1033
2536
2523
1266
2628
2618
2169
1428
2478
2614
2530
2609
2608
1791
2507
2345
2513
2566
2582
2203
2368
2318
2589
2474
2399
1905
2515
2508
2526
2516
2509
2501
2514
2542
2502
2423
2521
2387
2377
2311
2388
2365
2326
2448
2350
2403
2425
2325
2366
2343
2392
2393
2427
2431
2372
2247
2400
2384
2374
2264
2328
2295
2336
2444
2443
2439
2453
2335
2334
2333
2332
2482
2353
2275
2259
2262
2380
2390
2290
2422
2433
2438
2329
2294
2419
2407
2411
2417
2364
2257
2303
2412
2024
2396
2358
2323
2170
876
2222
2363
2312
2330
2360
2441
2232
2432
2381
2418
2440
2370
2293
2414
2442
2268
2401
1974
2176
2167
2166
1843
1930
2269
2196
2226
2248
2228
595
2272
2273
1872
2301
2227
2246
758
2288
2144
2050
2255
2266
2261
2131
1891
1851
2143
2164
2218
2216
2211
2210
2215
2154
2209
2019
1918
2179
2152
1942
2194
2191
2187
2163
2157
2184
1060
1923
1924
2125
1495
2180
2025
2057
2124
1092
2162
2000
1941
2139
1926
2036
2155
2138
2156
2085
2126
2121
2070
2137
2135
2149
2150
2097
1238
2104
2094
2133
1315
2037
1946
2069
1996
2123
2113
2011
1951
2038
2103
2086
1995
1990
2018
2071
1988
2016
2088
1993
1944
1829
2003
1660
1957
2089
1987
1992
1994
2079
2078
2077
1943
1908
2062
1959
1997
2001
1900
2042
1062
1374
1999
1969
2021
1991
1960
2035
1694
1906
2017
1760
1881
1888
1898
1890
1897
1917
1934
1706
1809
1895
1899
1690
1382
1878
1985
1983
1984
1981
1949
1972
1916
1976
1961
1965
1948
1812
1835
1819
1429
1871
1896
1931
1958
1425
1954
1953
1950
1928
1932
1921
1956
1929
1927
1903
1912
1913
1901
1885
1909
1904
1699
1733
1784
1728
1874
1499
1813
1387
1816
1828
1137
1761
1805
1844
1862
1838
1847
1860
1796
1848
1384
1663
1789
1803
1830
1840
998
1745
1804
1810
1709
1826
1764
1729
1747
1817
1811
1767
1150
1771
1794
1328
1795
1762
1651
1650
1751
1785
1755
1750
1749
1768
1726
1727
1731
1741
1739
1734
1721
1740
1738
1737
1736
1735
1589
1392
1317
1711
1687
1497
1443
1705
1693
1675
1154
1629
1498
1511
1566
1614
1609
1383
1532
1440
1393
1391
1385
1016
1323
1324
1321
1318
1319
1316
1099
1274
1273
1258
1592
1147
901
527
1064
984
1555
1617
1626
1622
1633
1616
1692
1679
935
1544
1496
786
1018
1077
1320
1379
1484
1255
1621
1603
1445
1678
182
179
664
1371
1236
1602
1433
1234
1256
1454
1619
1615
1584
1388
1278
1610
1625
1612
1674
1606
1624
1618
1632
1611
1607
1631
1623
1613
1600
1605
1598
1604
1596
1560
1599
1595
1601
1455
1630
1628
1627
1597
1453
346
1446
1579
1447
1490
1491
1277
1554
1573
1489
1265
1510
1507
1562
1279
1381
1302
1377
1479
1426
1284
1552
1131
1424
1365
1486
1487
1406
1488
1492
1423
878
1129
1427
1370
1376
1448
1451
1269
920
1456
1457
1449
1450
1378
898
1061
996
180
825
1339
1332
1145
1390
1402
1091
1357
477
1386
1380
1232
1280
1389
1360
1358
1069
1375
1354
1325
1348
1342
1330
1322
1309
1307
1367
1369
1326
1327
1344
1084
1338
1114
1313
1311
1305
1055
909
1085
1281
1115
1113
1235
910
1068
581
1244
870
1227
1226
964
1082
571
181
465
718
1063
559
871
1107
1133
1132
160
1031
1139
176
1014
1071
737
1143
1140
1134
1135
1136
1030
1054
679
1073
936
1146
1075
1080
1120
1149
1088
1087
919
1081
523
1076
1078
1083
827
1006
828
1022
668
926
1003
1046
819
969
586
1019
1047
161
177
789
802
917
807
970
799
849
1023
599
1024
1035
931
1012
997
938
908
841
839
850
937
798
625
881
855
792
874
883
854
896
958
833
665
843
845
801
884
899
844
885
787
916
324
890
815
856
790
846
613
803
814
631
778
851
847
848
838
840
791
806
117
118
120
121
123
124
130
773
800
805
669
593
666
769
658
775
676
675
633
637
636
660
674
671
673
672
670
661
662
580
678
677
654
522
285
286
610
459
335
90
560
281
407
406
445
307
397
404
287
476
282
401
351
399
185
394
403
395
421
405
165
396
393
402
344
347
398
345
145
55
354
57
348
169
168
342
341
340
140
343
148
153
143
350
279
280
141
325
170
54
137
284
146
164
147
167
158
171
172
150
66
155
144
257
173
166
163
58
135
239
186
162
174
126
138
246
132
53
134
122
51
131
133
127
154
136
128
129
116
115
65
119
125
60
95
64
48
61
56
70
94
77
52
63
59
67
50
49
1
2
