5768
5762
5746
5546
5648
5763
1721
5699
5761
5760
5759
5758
5738
5757
5756
5755
5754
5753
5750
5740
5732
5456
5734
5680
5626
5717
5720
5643
5709
5706
5673
5700
5698
5694
5697
4095
5582
5692
5377
4197
5329
4895
5681
4001
3761
5650
5666
4558
5548
5657
5637
5376
5020
4512
4021
5661
5660
5480
5565
5523
5640
5537
5632
2864
5572
5595
5460
5298
5464
5553
4893
4968
5284
5296
5268
5598
5573
5519
5583
5516
4703
5563
4650
5306
5571
5561
5343
5542
5549
5341
5559
5556
5522
5528
5227
5534
5532
5465
5159
5527
5331
5295
5521
5076
5484
5514
5515
5506
5510
5509
5427
4323
5462
5413
5495
4722
4499
4562
5483
4952
5215
5468
5490
5489
5482
5474
5442
5466
5446
5423
4583
5452
4170
2885
5202
4964
5083
5447
5443
5444
5333
5430
4403
4551
5394
5349
5414
5404
5396
5395
5383
5391
3393
4148
4793
5386
5384
5374
5373
5378
5375
5379
4611
5332
5336
5348
5223
5334
5330
4818
4305
3508
4282
5238
4518
5307
5305
5302
5207
388
3487
5247
5279
5278
4334
4845
5253
5248
5235
5185
5245
5230
5225
5228
5229
4662
5220
5219
5177
5208
3409
4802
5100
5161
5014
4898
5197
3142
649
1238
1078
1076
1515
2616
3141
3020
5098
4570
4666
5199
2191
659
5188
5118
5192
5189
4377
5179
5183
5088
4917
5021
4989
5040
4885
2513
5143
5001
4773
5126
4698
5132
5107
4616
4871
4580
5116
5080
2839
4597
4795
4596
3949
2803
5103
4823
5108
4564
5037
5003
5025
5082
4910
4855
4856
4857
4959
4319
4130
2076
4410
5043
5012
5024
5035
5051
3577
5049
3510
5045
5044
5036
5026
4579
3358
2319
4325
5017
4821
5013
4900
5006
4969
4906
4907
2413
4955
4973
4943
4991
4935
4721
4972
4205
3201
4967
4966
4965
4809
4940
4956
4289
4953
4946
4949
4948
4945
4929
3006
4831
4942
4899
4937
4933
4936
4552
2306
4545
3938
4931
4829
4928
4321
4836
4875
4671
4842
4707
4908
4896
4628
4848
4862
4892
4891
3479
4276
4876
4888
4682
4620
4878
4615
4332
4860
4877
4621
4557
4614
3922
4612
4788
4772
4588
4859
4506
4324
4713
4846
4605
4776
4153
4613
4833
4832
4687
4827
4824
4537
4670
4817
4783
4811
4810
4806
4800
4714
4770
4794
4792
4791
4790
4711
4764
3456
4779
4761
53
4720
4347
4039
4745
4314
3491
4759
3708
4746
4498
4010
4736
4587
4715
4665
4622
4744
4526
4633
4571
4578
4728
4729
4697
4718
2840
2861
4433
4456
3486
3494
4618
3592
4696
4343
4548
4631
4563
4648
4396
4689
4504
4684
4675
4473
4668
4680
4676
4208
4672
4585
4635
4642
4395
4619
4582
4639
4502
4636
4566
4632
4630
4532
4625
3743
4610
4598
1362
4316
4617
2702
4482
4547
4231
4602
32
1572
1969
1452
1453
1915
1952
1964
1967
2761
2762
4584
4455
4591
4590
4593
4592
4586
4568
4569
47
4573
4508
494
4458
4542
4423
4143
4533
4527
4266
4525
4523
4514
3591
4344
4510
4509
4495
167
298
436
886
1022
1934
1965
2263
2267
2344
2502
2536
2592
2668
2701
2703
3461
2923
3250
3312
3355
3415
3419
3484
3809
3581
3525
3562
3629
3699
3709
3791
3849
3859
3965
3999
4000
4003
4019
4040
4111
4149
4150
4174
4192
4198
4214
4210
4328
4349
4367
4372
4505
4342
4251
4378
4283
4394
4446
4466
4443
3884
3896
4448
4361
4389
4388
4165
4338
3414
4049
4416
3601
4385
4384
88
4391
4386
4348
4360
4368
4357
4363
4307
4335
4228
4309
4127
4239
4253
1939
4281
4275
4284
4221
4268
4133
4272
4233
4179
4196
3360
4232
4185
4189
4008
4183
4191
3958
3972
4050
4175
4169
4108
4057
4151
4157
3852
4140
4131
4129
4009
4011
4105
4104
3974
3983
4002
2509
1887
4026
3247
490
3985
2617
663
1244
2738
3925
3971
3839
2605
3472
3890
3942
3940
3941
3939
3937
3923
3745
1188
3034
2484
3892
3898
3475
3606
3873
3771
3796
3869
3841
3773
3831
3772
3836
3844
3802
3535
800
3817
3801
3782
3786
3790
3798
3797
1481
3785
3774
3748
3740
3741
3170
3392
3710
3719
3588
1713
2615
3702
2618
3668
1039
1038
1223
1300
2531
2724
1900
1888
1889
1890
1516
1545
1544
1513
1080
1073
1074
1075
1082
1083
1084
1086
3214
2582
2648
2656
2655
2483
2560
1979
2229
1692
1828
44
1157
1163
1341
175
179
202
308
620
1995
2064
2336
2718
3634
3674
3696
3692
3628
3644
1870
3673
3455
2442
2878
818
3672
3639
3623
3659
3651
3640
3089
3276
2589
2386
3595
3616
3617
3618
2571
3611
3411
1931
2775
2786
3341
3585
3599
19
3485
3298
3505
3541
3574
3422
3531
3537
2857
2850
2846
2843
2825
2296
1444
1443
1301
1120
849
3444
3521
3495
3501
3474
3482
3481
3477
3457
3464
3426
3128
3278
3347
3395
3345
3421
3370
3390
3150
2691
2721
3382
3185
3215
3328
3282
3350
2451
3286
3291
2065
3277
3248
2139
3221
3256
3173
2375
3178
3219
3205
3207
3208
3194
3164
3184
2687
2583
2481
2328
2322
1898
1533
1484
1480
1479
1079
1668
1514
1110
3147
3157
3137
3052
3130
2415
3139
3143
3134
2849
2988
3121
3057
2955
2197
3094
2527
2596
2329
616
3084
3002
3033
3056
2800
2908
2886
3026
2677
2997
3008
2810
2938
2951
2890
2860
2891
2926
2950
2489
2827
2868
2829
2695
2696
2697
2698
2699
2700
2717
2871
2883
2515
2862
2831
2856
2853
2828
2809
2845
2844
1405
2547
2548
2716
2719
2824
2257
2813
2757
2281
2282
2283
2310
2723
2731
2771
2733
2764
26
2753
1456
1454
2414
2407
1442
2061
2057
2506
2324
2323
2313
1884
1813
1726
1812
1811
1426
1348
1286
1283
1112
63
2501
2467
2067
1551
1859
1041
530
473
1377
2066
2482
2485
2063
1902
2573
2654
2563
2744
2608
2609
2372
2689
2722
2720
2504
2634
1567
2594
2384
2390
2461
1483
667
134
2304
2585
2627
2427
2127
2387
2579
2646
2406
2426
2623
2626
2636
2412
2411
1725
2532
2543
2610
2393
2574
2519
2534
2599
2408
2261
2577
2528
2530
2424
2572
2562
2555
2487
2436
2549
2550
2522
2525
2024
2332
2389
2533
2521
2514
2518
2508
2516
2511
2425
2450
2473
2474
2499
2449
1858
1857
1849
2472
2409
2464
2421
1067
2392
2391
2403
2395
2388
2312
2343
2300
2350
2023
1835
1723
1722
1445
672
653
624
1936
135
133
2338
1953
951
664
1579
2284
1950
1961
2297
2314
2305
2006
2291
2185
2301
2295
2270
2259
1922
2118
2279
2273
2131
952
1542
255
1783
1724
1349
623
534
86
60
57
58
59
2190
2189
1984
1963
1821
1962
1951
2103
2171
2231
2239
2221
2218
1886
2177
2184
2194
2208
2199
1822
1840
2108
2181
2164
2157
2156
2142
2141
2069
2048
126
103
1885
1940
1825
1677
1550
1100
1523
2098
2054
2124
2122
2074
2099
2075
2085
1935
1152
1093
1105
1968
1158
1182
1913
1411
1419
1417
1412
662
1089
2004
1958
2002
1999
1971
1752
1920
1960
1945
1787
149
1087
1851
1852
1856
1854
1850
1853
1855
1980
1982
1937
1938
1974
1966
1970
1954
1955
1956
1943
1942
1941
1919
1897
42
1289
1921
1899
1896
1911
1909
1827
1355
1414
1842
1410
1836
1413
1843
1864
1409
1010
1416
1844
1774
1808
1792
1826
1834
1408
1423
1424
1425
1694
1795
1778
1807
1818
1809
1781
1776
1790
1799
1786
70
1592
1789
488
894
1754
1674
1736
1772
1788
1415
1782
1773
1189
1131
1127
348
210
1744
1702
1737
1730
1691
1704
284
332
975
1057
1061
1085
1184
1215
1270
1269
1422
1667
703
1104
1474
1652
1549
1536
1618
1627
1637
1625
1626
1633
1589
1571
1527
1568
1522
1180
621
1552
1553
1517
1541
1539
1532
1521
1524
1503
1519
1068
635
46
1037
1036
1035
1077
1505
1486
1498
1466
1493
1494
1407
1404
1382
1472
1455
1473
1461
1467
1468
1469
1406
1462
1457
1458
1447
1448
1439
1440
1438
1434
1436
1299
1275
1217
1216
399
443
733
875
646
1042
1231
1343
978
1178
1177
1009
386
316
268
1309
1328
1329
1214
1344
1305
1321
1327
1318
1106
1325
1199
1302
1297
1307
1304
1252
1181
1235
1303
655
1306
1248
1278
1261
1268
1274
1282
1290
1288
1285
1281
1258
1264
1220
378
1267
1256
1240
1233
1232
1209
1187
410
1198
1122
1134
1072
1213
109
966
1208
1162
922
1140
944
1046
1179
1161
1166
1174
1154
1175
1160
1164
1153
1013
1126
1148
1116
1146
1138
1141
1132
1135
1066
969
1115
299
1034
1101
1070
393
1017
1016
1098
1097
1081
1092
1095
1096
1103
1050
1094
1099
1102
1071
987
106
108
120
131
727
847
957
964
965
373
372
415
435
630
1006
323
313
300
265
218
967
686
813
636
413
582
730
622
771
644
652
687
972
1054
1005
1008
1007
988
1056
802
1052
20
107
482
551
561
923
1033
1040
1045
1047
943
941
1032
698
1026
673
942
483
640
648
654
656
658
831
1002
999
997
983
901
919
992
995
963
970
971
989
985
974
976
977
968
958
955
954
948
479
938
936
927
914
915
916
931
932
928
699
910
705
736
737
738
903
878
892
897
411
832
371
394
404
895
896
35
890
879
881
876
21
41
515
835
866
571
801
852
867
854
863
844
859
855
857
821
491
822
826
837
840
816
338
642
650
651
657
660
661
665
783
784
785
786
787
788
789
817
815
814
810
773
807
804
685
732
790
791
794
799
795
796
797
772
774
779
781
777
739
748
749
766
751
765
768
758
762
760
753
755
745
740
633
569
568
570
647
674
683
711
725
731
741
728
721
713
714
717
707
708
706
601
696
695
693
680
681
692
679
677
682
678
557
380
140
670
638
643
639
637
641
632
627
478
484
548
177
324
367
102
125
111
618
599
609
608
485
581
610
572
583
586
598
596
605
600
604
603
602
574
597
594
593
592
591
590
589
588
587
585
580
560
584
562
558
555
542
544
553
546
543
537
538
539
540
541
533
532
531
489
434
350
322
200
199
84
65
424
425
426
474
419
437
514
516
506
504
492
493
28
495
498
480
481
282
391
414
423
375
471
475
33
379
470
468
442
89
285
390
272
334
438
439
383
412
364
34
408
368
395
401
397
382
376
381
337
301
204
100
37
271
377
345
303
374
366
344
215
287
325
273
25
361
359
357
355
354
352
351
18
339
93
341
191
336
335
242
278
333
304
326
327
328
294
315
317
318
319
320
43
24
306
310
311
296
302
305
307
295
211
219
72
91
221
262
267
288
161
142
116
98
274
275
276
277
280
266
247
254
259
232
239
250
233
237
245
249
172
246
40
31
217
227
238
110
236
235
231
188
197
105
104
114
207
201
189
174
183
171
96
176
132
143
169
163
160
159
150
162
101
79
97
87
152
145
147
151
146
117
148
30
29
141
119
136
137
121
123
124
113
118
38
36
77
115
80
81
52
71
74
75
92
39
45
48
61
62
66
22
14
17
12
15
27
83
76
55
49
73
23
50
16
13
