14293
14012
4116
6900
5767
13801
14287
14286
14284
14244
14277
14259
13159
12980
13968
7261
14182
14111
8441
14278
10155
14108
13844
13985
6956
13928
14206
13720
9590
14258
14275
14260
14271
14270
14217
14256
14254
12934
8798
13496
13966
14257
13338
13726
14246
2991
623
13302
13504
14253
14251
12067
13946
14179
14245
13223
14250
13890
14236
13893
14241
14240
13718
14237
6245
12421
11664
9461
7149
3851
14230
13723
14187
13073
13865
13099
13180
12295
14225
12895
1349
14073
14214
14207
13817
13319
9737
13936
13853
13602
13410
11096
11018
10254
7812
14218
11886
14211
9592
14224
13523
13915
13372
12739
7436
13312
14212
597
12550
6584
14157
14208
14184
14197
13149
14194
12479
14192
14058
13972
12863
13767
11496
14165
12825
13570
14174
14175
3446
10210
14181
11638
9765
13086
12996
13920
13725
14169
13986
13948
14059
13969
12328
14089
14150
13892
6919
13407
7089
14100
10876
14153
13245
12807
14148
14026
14144
13507
14142
6162
14141
10282
14085
14016
14134
14136
13690
13924
13889
13868
13800
13583
13518
12291
14129
14130
8725
13989
3385
2675
12104
11078
13137
14114
12525
11582
8775
13719
13425
14082
14109
14083
14055
13147
13722
14094
14106
13661
13442
13437
13802
13798
13750
13700
13699
13671
13624
13584
13575
13574
13552
13551
13550
13536
13508
13495
13484
13483
13482
13371
13339
13335
13332
13331
13418
13426
13417
13385
13288
13281
13278
13275
13248
13212
13206
13160
13143
13136
13132
13125
13108
6765
14099
14092
1015
1010
409
628
939
911
474
510
228
390
49
11253
12812
12856
14093
13089
13056
13053
13051
14088
13327
13322
13317
13253
12273
10809
10708
12603
13617
13807
13008
14019
7512
13050
13046
13017
13011
13004
13003
12982
12965
12951
12944
12935
14069
12920
12914
12904
12900
12897
13662
12886
12869
12857
12832
12830
12822
12821
12814
12785
12784
12782
12777
12772
12767
12755
12735
12712
12688
1100
12650
13433
13247
11889
13336
13308
13176
13175
12677
12675
12664
12657
12654
12639
12631
11359
13202
12964
12253
12248
12245
12211
12154
14080
14067
12816
12622
12619
12610
12543
12540
12539
12526
12522
12515
12513
12506
12466
12460
12459
12424
12401
12398
12388
12369
12351
12335
12152
12137
12130
12119
12103
12096
12085
12077
12072
12017
12015
12011
12009
13623
12587
12306
12008
11972
11964
11953
11936
11872
11846
11845
11826
11740
11691
11656
11640
11624
11540
11436
14075
11700
10519
11987
12915
13015
14027
11513
9583
11507
13652
14072
12783
11413
11412
11411
11410
11382
11365
11362
11269
11132
11125
11102
11085
11084
14070
11051
11043
11017
11010
11008
10981
10954
10935
10898
12538
12649
12641
14056
14068
12989
12332
10857
10829
10825
10812
10720
10706
10690
10687
10674
10645
14018
11787
14065
13822
10629
10627
10534
11882
13826
13615
9987
13724
14060
11695
11718
10278
10480
13945
10432
10422
10420
10396
10392
10308
10283
10275
10236
10213
10201
10191
10159
10152
10101
10082
10002
9934
9930
9668
14045
11597
9926
9889
9878
9842
9829
9813
9809
9735
9628
9624
9620
9617
13943
13937
12892
11703
14040
9616
9600
9599
9598
14049
14047
14046
13780
10195
9570
9553
9487
9358
9278
9237
9117
9086
8842
13585
14037
14038
13727
8319
8019
7578
7370
7259
5468
4642
4617
8826
8908
8773
8772
14044
14039
13987
8751
8699
8655
8636
8543
8498
8490
8456
8433
8430
8425
8373
8363
8353
8317
13218
11586
13597
13949
13590
8186
14001
14035
8354
9454
8812
8315
8303
8253
8247
8243
8218
8160
7455
14033
11969
13956
13596
14023
13667
8682
7211
8732
14017
9063
14021
8860
8153
8129
8117
8081
8058
7999
7891
7877
7821
7815
7742
7668
7622
7612
7593
7423
7403
7591
7585
7167
7166
7111
7102
6920
6789
6784
6726
6713
14022
13774
13942
6682
6498
6450
6337
6301
6220
6015
5928
5810
5791
5690
5467
5462
5409
5306
5244
5237
5201
5158
5107
5000
4910
4869
4858
4638
13967
4678
4637
12488
4484
14014
14006
9720
7365
7364
4383
4149
4128
4035
13997
13988
14004
14003
4033
3930
3916
3769
1617
4830
13316
11764
2691
3525
3449
3432
3276
3262
3252
3225
3223
3185
3134
3116
3060
3045
3042
2951
2918
2779
2768
2738
2707
2648
2630
2595
2469
13954
13852
2467
2421
2338
2296
2284
2238
2166
2105
1801
1772
1686
1650
1540
1447
1402
1380
1319
1290
1272
1132
1095
864
841
715
72
13824
13861
3416
4037
13984
13901
13983
3556
13869
13981
4559
13680
13975
3097
10381
4029
232
3221
13840
13832
13787
13858
3122
13157
6299
2165
13960
13831
13851
13714
13653
13538
13476
9462
5146
13944
11278
11373
10311
431
13958
13931
13057
12668
13198
13925
13900
11257
13252
8965
10117
10148
10440
10476
10634
12651
13908
13938
11719
10274
6091
13912
13466
12127
11629
12271
9297
599
11952
11727
11692
11643
11626
11556
11542
11163
11148
11119
4990
11191
10820
10163
3138
12136
6721
10099
9810
5618
10596
13839
9048
10098
10749
10062
10788
11997
13737
13906
11030
10790
9786
11276
8804
5421
13927
8973
13608
13834
891
13353
12753
13258
13773
8499
4519
13670
13645
13730
13268
13446
13899
13721
13717
10607
8612
11593
13566
8919
11342
13471
11511
11509
11447
11427
11347
11345
11300
11281
11240
11204
11201
11184
11174
11101
11062
11012
11002
10938
10901
13930
10779
10755
10726
10725
10715
10673
10573
10459
10449
10444
10434
10370
10354
10328
10288
10260
10243
10238
10184
10173
9772
7966
13854
9907
9677
9673
9626
9621
9395
9250
9248
9222
9216
8815
7958
7883
7867
7861
7860
7810
7809
7795
7794
13765
12959
13620
8654
13921
8803
8786
8780
8662
8646
8157
8142
7774
7767
7720
7704
7689
7685
7676
7670
7565
7513
7471
7438
7339
7338
7323
13153
13296
13922
6885
7317
7147
7118
7066
6969
6926
6850
6769
6749
6624
6615
6577
6558
6546
6495
6482
6420
6376
6354
6342
6330
6252
7856
13917
4373
6247
6234
6228
6138
6116
5922
5835
5825
5495
5415
5407
5375
5372
5356
5303
5291
5284
5241
4218
4182
4151
13829
8551
13882
13843
10162
13907
5238
5202
5018
4959
4947
4915
4759
4674
4622
4620
4596
4444
4025
3864
3785
3780
3774
3766
3716
3710
3705
3596
3584
3557
13891
13314
13827
12296
13356
13895
4122
4069
4049
4027
3211
3153
3124
3028
2987
2861
2856
2699
2686
2606
2577
2458
2276
2196
2130
1827
1602
1406
1401
1289
1241
708
12725
13887
13512
13746
10983
13886
13885
13610
13681
1256
13879
13715
13870
13764
13864
13813
12268
13859
11407
13786
3157
13845
13847
13820
13637
12343
403
683
9573
13818
13689
9607
13812
13815
13809
13805
13799
10698
13794
13178
13791
9710
12533
13775
13789
12865
11690
13776
869
13216
9601
11651
10299
7266
10591
13492
12208
13779
13769
5898
1137
4168
12385
12349
12293
12329
12168
11671
11024
10837
9979
9346
7787
8545
7197
7530
6942
6734
6870
6703
6011
13365
11489
13368
13037
12570
13224
13055
13432
13748
4814
4730
4660
4299
3878
3877
3819
13525
13321
13710
13683
13713
13431
13735
12973
13732
13035
13477
12169
13747
13728
12244
8185
12778
13315
13555
13517
12614
13729
13706
13711
11260
12932
6723
10784
10390
8827
8559
7825
11156
11114
11120
10281
5252
12246
7830
9589
10269
5967
3787
7816
5778
5401
9380
9581
9148
9287
8473
8755
8145
8330
6210
5808
4991
11463
11464
11329
11462
11274
11275
10478
10508
13323
13369
12270
9119
13114
9470
13618
12153
13201
7437
6728
6727
6976
11057
13199
13678
10
13684
11745
12864
13664
13665
13658
12228
13462
13267
12400
13656
7665
13592
8969
13506
13497
13121
13641
13558
13630
13628
13634
11522
13543
8133
11351
12449
13545
9627
13616
4421
6839
7667
8676
4278
3784
5961
5902
7029
4021
12792
6882
5660
5856
8536
1511
7445
7127
717
4261
3689
5200
5077
5028
4697
4487
3438
3128
395
2240
13614
12665
13362
13226
13233
11813
13598
13607
13601
11573
13174
13603
13605
13591
13588
13582
12737
13564
13563
10738
11642
13122
13521
2173
6044
3354
4030
5606
5877
8920
13561
12590
12931
12732
12527
12384
5956
12305
12028
11614
11369
10846
10692
10312
8143
6978
5173
9545
2435
8437
9015
8876
7931
7703
11175
13207
11538
9046
10933
12303
13107
7922
13539
10443
13559
13557
13547
13544
13530
11959
11792
8146
13494
12559
13318
909
7520
10905
5281
9332
11819
12000
12483
12554
12145
12930
11323
11827
10810
13451
11284
12635
10980
10277
9651
9955
9802
11183
11080
11082
12297
13348
9171
13179
13520
13475
8382
12260
1543
13511
13478
13490
13480
6149
13470
13472
13259
13324
9282
12917
13325
13284
12478
13448
3168
12961
13416
13408
13390
13453
13330
13421
13310
13435
13352
13301
4832
13441
13427
13420
11254
11879
12230
11836
13412
13392
12027
13395
13181
13375
13320
13146
13373
13186
12409
13158
2693
12922
13377
9986
13366
13364
13249
13349
13350
13204
13208
13101
13214
13311
13221
13326
4630
13297
12547
13303
13266
13294
10695
13271
13290
13232
13211
6098
13254
12833
13264
13260
3412
13144
13228
13064
13106
13237
13242
13241
13203
13213
13124
13188
13231
13222
13236
6076
13225
13070
13197
12953
13200
10688
4529
12912
13120
13165
9831
13116
12600
12927
13142
12968
13148
11602
13133
13071
12877
13078
13065
13095
13113
12896
13098
13085
5766
13077
13091
10930
9351
13025
13080
13066
13058
12087
12581
13039
12880
12995
9933
12774
12406
5483
10900
12962
11074
13021
10057
2948
12990
12998
13002
12549
6012
12601
12992
12991
3076
12840
12970
12972
12848
12947
12811
12913
12955
12860
5293
4652
12658
12963
167
12946
12238
12940
7711
12862
12911
12867
12925
12906
12894
5474
11917
5612
11877
12893
12829
12889
12819
12718
12573
12827
12820
12501
12794
12780
12621
9211
12350
3170
12743
11417
12776
11118
12738
12720
12442
4494
4117
11232
12647
12709
12674
3300
12597
12700
11387
10329
12671
5802
12251
12687
9554
11514
12615
11042
12648
12645
12643
11044
12558
12612
12613
9610
4588
12609
12220
12602
5819
7763
12535
4170
11677
12564
12563
11611
12546
12411
12524
12555
12528
10446
12505
12541
12307
6151
12422
12534
12379
12518
12495
11940
12502
12517
12514
12503
12496
11483
12492
12463
12454
11816
12474
12476
12439
12458
12475
12290
8787
12386
659
12435
12451
8557
12448
12302
11375
12415
11849
12416
9956
12057
12368
6487
12365
11090
12337
12395
12391
12383
12367
12377
11610
11731
11670
12112
12356
12347
12292
10745
12346
12325
12344
12339
12338
1013
12334
12324
12313
12309
11600
12225
12299
12298
12281
10398
11415
12285
2742
10649
12278
12279
12196
1771
12065
10379
7944
11756
3870
12204
11900
9439
11494
11814
12222
6485
3486
9582
11689
12235
12217
12061
12210
12218
12014
12171
12088
12111
12159
12147
12185
10787
12189
12090
12149
12158
11962
12188
10854
12183
11219
10298
12156
12161
12063
12081
12143
12122
9133
12068
11858
12114
11732
11809
12066
12101
12064
11553
10785
10358
12086
11950
11870
12058
12039
11409
4623
10059
12032
12031
12010
11916
11857
8535
11966
11932
12006
11716
9645
10903
11466
10145
11978
11885
11961
11767
11572
8489
11955
11680
11929
11876
11508
11928
11925
11921
11935
7529
11934
11878
11531
11907
11884
11898
5151
11743
11803
998
11249
11855
11469
11875
11871
11753
11557
8281
11679
11086
11027
11801
11408
11587
11710
4702
11380
11822
11838
11829
11723
11250
10463
11811
11747
11781
11768
11734
11786
10717
11778
11390
11757
11752
11736
11676
11669
11715
11724
11722
11721
11708
11709
11699
11060
11552
11564
11687
11681
11696
11583
11674
4199
10516
9128
11654
11653
11652
6928
11609
11049
8191
11631
11633
11551
11612
11068
11195
11619
11618
9386
11555
11601
11608
11528
11603
11526
11588
11524
11561
11539
4450
11543
9874
10342
11536
5656
11506
10186
11570
9896
10179
11562
875
11554
11521
11535
11468
11517
11378
11324
9231
11501
11414
11497
11381
10840
11358
11486
10620
10882
11353
10667
10113
11325
11445
11036
11038
10084
11389
11404
11341
11280
11461
11440
10941
10939
10940
11356
6902
11405
11446
11437
11425
11429
11430
3215
11418
11310
11138
11398
11336
11379
11364
4988
11343
11346
11354
10349
8989
10119
11214
10426
11322
11199
10475
11312
10890
10946
10869
9170
11299
11297
11154
11290
11130
11168
9806
10881
10109
9636
11213
11265
11039
11233
11194
11251
9981
11227
11100
11226
10166
11223
6751
10757
11196
11181
9565
10457
11128
8080
10931
10786
1141
11158
11171
11150
10865
11161
8802
4314
7190
11143
10985
11152
11147
11131
1247
11115
2243
2992
10875
11081
11111
11022
10926
10957
11103
10847
11099
10831
10183
10868
11077
5165
8064
10204
10474
11005
11041
11063
11064
11065
11056
11006
11067
10986
11054
8702
10405
11035
10914
11033
11034
10891
9160
11007
8739
11001
10917
10870
10988
10958
10713
10956
10975
10919
10920
10906
3619
6608
10904
10046
3202
10280
10918
10943
10894
10947
10948
10892
10916
5647
10895
10889
610
10859
10874
10887
10703
10871
7978
4698
10839
10190
10747
10619
10305
10778
10732
10821
10841
5156
7514
8127
6560
9258
9261
8762
8818
9226
10799
9982
10789
9288
7451
10793
10796
10806
10798
10800
9393
10712
3980
4061
8078
10091
8086
10313
8252
10656
10658
10730
10689
10657
9951
10735
10301
10743
9788
10007
10110
10666
10600
10622
10165
10729
10646
10654
10711
10701
10066
10659
10693
10671
10576
10696
9714
10412
10660
10115
10118
8166
10644
10631
10413
10411
10602
5264
10635
10616
8669
5882
10256
10609
8991
10517
9744
6452
10523
10525
10524
10142
9660
4758
8113
10482
10257
10435
10514
10565
8875
4551
3044
10470
6905
10574
9370
10532
9330
8854
10428
10559
10553
10433
5453
9609
10090
10505
10509
10461
10502
10521
10526
10397
10473
10522
8222
3931
9525
10439
9103
10485
10495
10020
10436
10484
9939
7943
10285
10382
7369
10437
10438
10276
10170
10134
6438
6266
10317
10144
3089
10284
6697
10427
8210
9767
1510
9512
9604
8853
10252
10128
10158
10141
9175
9725
9664
10279
7495
10367
6275
10226
10035
8917
10344
10300
10331
10303
9947
10306
10302
10156
9385
8722
9579
8911
9993
8847
5542
10261
9653
7744
6643
10178
10200
3564
7183
5250
5216
4989
9676
6178
10220
411
10131
3876
10088
6205
9861
9876
9727
9363
10100
10087
10034
9743
10058
8352
9824
2862
8467
5254
8986
10168
7128
9850
3765
4044
9136
9931
8488
9764
10160
10151
10154
6134
2300
2774
2309
9932
10107
10116
9379
10105
10104
9654
10106
10061
10060
10011
9742
5577
5360
3230
9741
9540
10103
10089
4295
10021
9595
10086
7540
4966
8229
8085
9992
9495
7627
796
9400
10067
9908
9899
9197
9803
10042
6974
9860
9859
9037
9817
9637
4751
6051
9970
9969
9229
9475
10001
9997
9762
9995
9671
9980
9957
9857
9988
9901
9984
5480
9952
9974
9832
7115
8379
9270
9948
9964
1687
9950
9949
5795
9789
9944
9936
9482
9790
9935
9940
7410
9594
9923
7569
9855
2681
9890
6349
9851
7813
9893
9902
6050
9884
9504
7663
9856
9875
8556
6052
9879
9866
9769
9043
9846
9840
9562
9473
9821
9785
9815
9775
8744
4558
8807
8459
9437
9017
9127
9343
9792
8668
9667
9712
9752
8016
9761
9596
9629
9745
9747
1306
9700
6449
9728
7799
9414
9699
9685
9711
9659
9631
8817
6458
9500
9327
9663
7889
9679
8885
9580
9675
9704
9674
7811
9697
4024
9196
9550
9207
9666
9650
9611
9605
9443
9623
9478
9548
9669
8774
9618
9369
9597
9657
9552
9658
7021
9647
8743
9643
9641
3384
9110
9608
6327
8813
9622
8816
9139
9234
9506
8482
9499
3158
9303
9301
9322
9425
9557
3041
9560
9558
6977
9551
9498
9505
5167
8844
9509
9042
9519
9179
9233
9009
9294
9413
6516
9497
8727
9472
9296
9381
9468
9464
6739
8900
9458
8547
8660
8852
8882
9396
9399
9445
9286
9021
9391
9444
9441
8801
9220
9442
9434
3071
9101
8670
9087
7204
5380
9213
8577
9099
8061
9389
9404
9337
9345
9169
4471
3421
8188
7947
9356
9120
526
6842
8992
9308
7646
8716
8691
8839
9299
8541
8959
9290
9292
8972
9280
8369
6772
9279
6230
9242
6444
8974
8896
7739
4804
4260
9272
8776
9264
9262
9256
5161
9210
9249
9205
3418
9232
9223
9217
6927
86
9219
8922
9194
8857
9199
9147
8883
8690
9181
2576
4614
9172
9182
9174
7835
9054
9134
9152
4807
4285
9089
9109
5431
3452
8971
6574
9002
9130
9061
9077
9114
3461
8895
9065
9016
9100
9066
8881
8412
6432
8947
9081
7929
7635
9006
8963
6674
8968
5280
8343
9028
3835
8822
8897
7965
7749
7542
8383
8923
9004
9025
8485
8962
7806
6788
8265
7897
8960
5545
8448
9013
9000
9005
2795
8789
8794
8820
8200
7351
8928
8162
8966
8954
7195
7738
8981
8278
8970
6048
8269
8905
3857
2963
8851
8877
8946
697
8119
8614
8368
8297
8929
8731
7399
6724
2157
8838
8893
8461
7779
8790
4020
5823
8484
8880
8888
4392
1803
7499
2169
8365
8501
8404
8276
8043
4436
4109
7498
8656
8738
8712
8861
8717
8713
8795
8344
8057
8299
7310
8850
2967
7536
6304
3869
6014
5521
8634
7623
8523
8686
8819
8625
7017
8552
8814
8147
6226
8700
8760
8406
8724
8204
4884
6828
8733
8781
8608
8779
3411
8291
8661
3459
8758
8350
8696
8688
8622
8277
8711
6761
8736
8667
8419
8674
7130
7196
8745
8606
8605
8603
8602
8601
8600
8599
8598
8597
8596
8595
8594
8593
8697
8723
8704
8275
8279
8280
8286
8664
8560
8079
8671
8372
8657
8653
4115
5166
8590
8555
8540
8604
8623
8562
7086
8528
8197
8615
6078
6468
6077
3488
8036
7124
7920
8544
8308
8479
8376
4803
8386
8537
8450
8546
8521
8506
6061
7101
8389
8249
8427
8395
8500
5479
8503
7096
6062
8394
5139
8244
8099
8417
3971
8492
8300
8435
8418
8370
8463
8465
8375
7948
8438
8443
8403
8401
7820
8349
7039
8364
8440
8439
8434
7314
8141
8405
8407
7727
1409
7257
8355
8387
7728
7733
7741
7932
7656
8154
8361
8367
7783
7250
8371
7070
8358
7714
8109
8366
6763
8360
8356
8171
8306
8335
8332
8295
8219
8329
8102
8262
8316
8298
8195
8302
8272
8283
8312
8296
8205
8266
2324
8282
7352
5969
8031
8108
7896
7260
8271
8020
8260
5519
2131
8128
7674
8235
8209
7672
8208
8207
1471
2116
3336
3675
2866
2911
7112
8084
7859
3881
7865
8190
8139
8149
319
8198
8202
4223
7661
6489
6752
6837
1818
1356
1172
1236
1535
842
414
463
242
2136
8170
5496
8180
3419
7840
4032
8156
7028
7803
8167
8021
8152
7949
6254
3356
5714
4680
3141
2932
2865
1478
1453
1288
8094
1230
1188
8093
8076
7626
2096
8116
8110
2090
7777
3506
8123
3164
8120
4746
7566
7800
2100
8018
7718
7644
7858
7960
8101
8072
7993
8077
5397
8050
8065
8056
3226
6216
7969
8025
7956
2137
8032
8007
7979
7970
7315
7296
6915
5452
2229
7695
3043
3035
2680
2633
3249
7814
4612
7915
6907
6607
6917
7090
3127
5432
4548
2626
7990
8000
5869
7908
7758
5424
7855
7967
7924
7287
7460
7776
7936
7808
4735
7927
7594
7913
5081
3514
3776
7706
7863
7847
7680
2563
5933
1505
7466
6518
3454
3463
7846
7144
7143
7679
1565
7345
3420
4834
4579
7802
7406
7642
7505
7292
7494
5135
7736
7586
3515
7215
7761
2953
7558
7746
7628
7544
7698
7731
3825
7693
7724
7710
2237
7625
3736
7468
7146
2419
6651
7274
6708
7690
5992
7577
7659
3594
7131
6251
7525
7576
6303
7472
6399
7247
7645
7639
6835
5159
1042
6941
7194
3198
7422
7624
6469
7580
5629
7515
7592
7608
649
7322
7579
6531
7567
7434
7169
4575
7553
7571
7550
7549
7488
7489
7546
7518
6971
7198
7527
7523
7535
7521
7373
7235
7291
2506
7113
7478
7484
7448
7476
7273
7150
1578
7481
7469
7433
6054
6673
6514
7232
7441
7443
7354
3572
7424
7411
7248
7355
278
7378
7158
7295
6267
7412
7416
6685
5880
7381
6572
7356
5064
6865
6962
7303
6040
7366
7290
7347
7376
7363
4755
6025
5253
2731
1303
7360
7336
5608
7084
7078
7343
7288
6989
4994
7276
7308
7180
7237
6174
4852
7319
7283
5130
7305
7302
7289
7299
7285
7297
7284
7275
7253
6669
7249
7264
7243
7244
5652
5913
7135
7245
7241
7148
7223
7011
7165
7168
7162
7083
7187
7200
5963
6298
7082
4581
4580
7114
7191
7185
7173
6866
7164
6946
7163
3845
7134
6899
2405
7160
7085
7155
3850
7023
6864
7125
2899
3618
6743
6845
6804
7108
7098
2181
7116
6795
5918
7110
4739
7087
7067
6879
7043
7059
6710
7051
7060
7046
6632
7054
7044
7045
6748
7035
7008
3301
6992
7007
6904
4092
6471
6375
4492
4728
6559
6995
7000
3395
3849
2614
2906
3167
6689
4099
3969
5405
6966
5858
5673
6854
6947
3487
5857
6729
6901
6934
6877
6933
6936
6671
6913
6922
6511
6921
6918
6890
6872
6862
6861
6827
6786
6808
6549
6802
6792
5803
5972
6783
6832
6823
6480
6653
6581
6731
6821
6517
6813
5934
6760
6201
6735
6781
6797
6759
6785
6575
615
670
6754
4756
6747
6619
5484
6214
5970
6733
4806
6066
6124
6701
6478
6270
6515
6460
3257
6400
6699
6180
6709
6009
6563
2741
6691
6466
6411
4913
6695
4141
6676
6529
6667
6650
6548
6165
6626
6661
6642
6493
6451
6617
6623
6562
6455
6561
6644
6332
4111
6613
6497
4576
6378
6350
6436
6509
6601
6590
5449
5262
6592
4108
6525
6479
6532
6541
6587
5229
6586
6528
6123
6551
6557
6121
6474
6296
6538
6387
6435
6510
6472
6255
6392
4517
6535
6501
6522
6202
6492
1237
6523
6505
6443
5903
6268
6418
6476
6467
6477
6446
6286
6265
6069
6225
6401
6465
5844
6464
5657
5829
6374
4537
1823
6439
2095
6328
6419
4564
4566
5894
6006
3711
6406
6169
1756
6032
6031
6033
5191
6395
681
6352
3586
6227
6365
5861
6366
6359
6305
1140
1098
6357
3771
5590
927
1612
6106
5893
5708
1757
1755
1275
6316
6307
6341
6302
1350
6345
1754
980
6215
6224
5193
5900
6329
637
6231
3255
4336
3115
6103
6146
2337
1658
6287
4262
4610
6288
6295
6223
6075
5914
6290
6285
6108
6253
4540
6218
6271
6147
6038
4422
5239
1603
6119
6173
6246
4982
6217
3879
3409
4538
6095
3712
4156
4648
4718
4716
4066
4640
4442
4238
4341
4131
1210
1213
3961
3637
6212
6156
5060
3651
3293
6189
5659
6181
3639
6133
6167
6084
5691
6148
6176
6177
6107
3638
5682
4805
6163
6086
6141
6102
6150
6135
6109
5715
6057
6126
6127
6099
4455
3511
4081
6007
6110
498
6087
3372
5896
5751
5722
5721
6005
3858
4605
5169
2878
1212
1166
5974
4672
6037
4185
6056
6035
6001
4700
6058
5728
5712
5143
4582
6019
5302
5566
5875
5997
3871
5927
4675
6021
5976
6013
5991
5987
4636
5781
5984
5985
4490
5601
4821
5695
1215
5868
1219
5948
5056
5455
5929
5845
4704
5863
5917
5915
4105
5908
3544
5906
4552
5219
5212
5889
5422
5604
5866
5773
5725
5846
5826
5859
5813
5840
5456
5646
5750
5830
5190
5596
5821
5763
4715
5782
5653
5702
5792
5719
2340
5762
5758
5735
5740
5706
5640
3379
5396
5475
5730
5310
5724
3118
5737
5726
5692
5723
4894
5688
5505
2270
2178
5598
5457
5458
3437
5361
5402
5661
5654
5609
5645
5597
5627
5611
1320
276
3767
4902
5295
4669
5168
5255
3334
5510
3542
5263
4774
5622
5623
5551
4113
4944
5540
5509
4034
5290
5603
5470
5329
5187
5393
5152
5129
5017
5141
5344
5274
4932
4961
4978
5298
4924
4987
5425
5440
5384
2958
5461
5300
5465
5446
4891
3163
3718
4743
5118
5363
5588
5581
5301
2917
3146
3151
5556
5564
5555
5345
4879
5459
4658
5055
5518
4666
5544
5068
5512
2903
3529
5097
5362
5048
5520
5501
5234
1192
5340
5460
5516
5442
5175
4635
5403
4391
5276
5426
5469
5285
5463
5448
5418
5268
4854
3136
3695
5350
4239
5429
3196
4942
4811
5319
5386
5385
5394
5332
5379
5164
5414
5112
5177
5389
5378
2661
2175
1741
5374
5192
3402
5074
5339
5279
5354
5322
3321
3184
5294
5282
4954
4502
5357
5349
5318
4476
4477
4483
5321
5058
5218
5071
5266
5305
3968
1802
5297
2092
5261
4997
4613
4945
5103
5162
5228
5231
4946
3909
4853
5007
5230
5217
2387
2177
5057
5142
5053
5210
4429
3667
5194
5059
5182
5023
3645
5042
5052
5176
3237
5160
4691
2274
1760
544
5051
5133
5109
2099
4184
3178
3186
5116
3860
4975
2180
5054
5015
2511
4993
3541
4134
3172
3320
5062
4627
5046
4900
5047
4802
4259
4899
4741
4948
4969
4950
3761
4162
1444
4532
2147
1190
3339
4901
2931
4140
4893
4977
2877
4921
4824
4943
4933
4885
4931
4919
4686
4909
1644
4914
4574
4823
4864
4881
4601
3770
4886
4898
4871
4861
4876
4875
4857
4862
4847
434
4855
1532
4842
4800
2928
4249
3756
4524
4312
4633
4445
4491
4840
4688
4713
4714
4874
4226
4868
3241
4845
4673
4839
4838
2255
633
2303
2269
1817
1568
1825
1822
4833
4394
4810
4828
4768
4687
4827
4717
3180
4506
3179
4721
4809
1815
4382
4349
4624
3944
4683
4733
4766
4750
4535
4812
4641
4670
3942
1211
4405
4174
4771
2325
4762
2796
3749
3102
1677
4651
4752
4757
4653
4401
4541
4760
3890
4087
4732
2502
4711
4727
4591
4567
3049
4667
4706
4710
4707
4712
4709
4708
1618
4705
4723
4628
4291
4292
4679
3423
3672
2087
1093
2916
3936
3937
3938
4668
4427
4643
4647
4396
4417
4586
3224
2884
3935
4320
4536
4634
4573
3823
4186
4585
4531
4119
4118
3972
3148
3149
2167
1550
3983
3222
3457
3504
3524
3610
3656
3733
3747
4016
4089
3625
4307
4370
4164
3739
3165
4587
4521
4539
4568
4510
4530
3623
3781
3789
2479
3208
2663
3040
2996
4319
4339
3324
4106
4509
4457
4475
4419
4416
4446
3791
4458
4414
4456
4362
4474
4364
3644
4451
2864
4452
2109
4316
4357
3979
4410
2112
4393
3132
4369
4361
4384
4358
4371
3955
3978
4255
3794
4334
3294
4264
2907
3755
4308
4329
3606
2428
4294
4322
4315
4167
4231
4310
4242
4287
4279
4293
4189
4267
4288
3493
4159
4203
2182
3662
3405
4270
4271
3847
4107
4258
3998
4190
4209
4248
4251
4253
4254
4188
1734
4244
1546
4220
3786
3003
4211
3210
3811
2780
4045
3934
3696
3401
4191
4197
3591
2245
3764
3965
3750
4187
4155
3982
4165
4060
4123
4121
4103
3520
3669
3676
4137
4051
4126
4135
2628
4088
2908
4124
1718
4112
3874
3926
238
3314
4072
4080
4086
4078
4079
4076
4031
4050
4071
3973
301
4019
4015
3962
3665
1789
4007
3732
3974
3993
3856
4011
3682
1800
1821
2253
2689
2723
2874
2959
3741
1761
1388
3997
3990
3988
3984
3985
3889
1087
2829
3966
982
2868
3960
3920
3910
2816
2965
1807
3854
169
3915
3227
3917
3904
3911
1433
3921
2220
3592
3388
3280
3110
3093
3026
2855
2495
2089
2186
887
898
343
3914
3908
3883
3322
3760
3703
3717
3867
3887
3327
3759
3886
3061
1707
3843
3861
3567
3039
3522
3872
1805
3291
3779
3687
2876
3813
3796
3810
3325
3838
3844
3841
3837
3816
3812
3275
3323
3768
3688
3654
3460
3533
3777
3815
3684
3691
2912
3162
3804
3806
2824
3792
3563
3795
1629
2969
3037
3738
3458
3762
3271
3577
2970
3788
3782
3778
3080
3270
2964
3516
3069
2608
3742
2739
2977
2104
3698
3728
3727
3723
3715
2894
3400
3481
3187
2764
3413
716
3414
3546
3443
3701
3700
3680
2436
2208
3593
3670
3239
3539
992
3660
3500
2695
1824
621
3176
3649
3629
3650
3620
2971
3576
3621
1117
3273
3482
3636
3574
3631
627
3131
3471
2330
2148
1352
3581
1679
1793
3583
3598
3582
3597
3595
3519
3326
3560
3562
3558
3341
3355
3518
3547
3137
3391
3537
3050
3545
3530
3517
3528
3526
2694
2482
3094
3361
3494
1777
3507
3059
3058
3328
2785
2558
3492
3371
3483
3199
3480
3475
3319
3466
3469
3465
3442
3441
3434
3316
3445
3444
1209
3435
3390
3428
3387
3376
3396
3394
3410
3408
2391
594
2956
1820
3145
3367
3366
3368
966
3353
3193
3066
3340
3329
3243
3296
3338
3330
2638
3307
3175
2176
3306
3298
3277
3289
3286
3284
3021
3282
3177
2432
2753
2767
3121
2845
595
2708
3269
3258
2897
3244
3253
3254
3251
3247
3246
3174
534
3229
3156
2094
3200
3181
3192
3048
3160
3171
3166
3161
3140
3052
3154
3143
3018
2508
3125
3123
2885
2999
1259
2174
3103
3096
2913
3064
3085
3034
757
3084
3078
3081
355
3057
40
3027
3055
1572
2786
2272
1557
3051
2828
2483
2683
1739
3001
3019
2610
1776
2998
2832
476
2839
2242
2915
2655
2984
2988
2960
2579
2777
1476
2923
1601
2914
1048
2123
2234
1435
2890
2830
2889
2886
2869
166
2867
2859
2822
2804
718
2827
2543
2778
2726
2789
2470
2141
854
1704
2733
2620
2752
2766
2102
2736
2571
2737
2756
2759
2344
2632
2665
2578
2346
2713
2613
2617
2711
1769
2705
2706
1712
2676
2671
2678
2684
2525
2672
2621
2586
2612
973
2561
1249
2637
2091
583
2619
2601
2587
1119
2468
2266
2447
2580
1799
1721
2568
2552
1665
2555
2547
2465
2549
2550
2548
1484
2546
2530
2279
2357
1470
2241
2533
2526
2523
2517
1794
2456
1740
1708
2308
2505
2414
2441
1609
2365
2329
2371
2477
2480
2326
2358
2474
1764
2412
2286
2434
2356
2288
2195
2349
481
2293
2466
2400
2209
2154
2306
2403
1053
1062
2248
2420
2430
2410
1472
2383
2380
2135
2385
2388
2379
2377
2355
2352
2343
2333
2101
1770
1774
1222
1056
1485
2305
1159
1149
2254
2204
2273
2251
2256
2258
2260
2267
2259
2257
2249
2227
2226
2228
746
747
748
749
908
991
1025
1026
1028
1030
1039
1043
1051
1052
1077
1123
1180
1332
1759
2118
2202
2108
2191
1390
2179
1816
2121
2158
114
1809
863
2138
579
2142
2120
1452
1645
1819
1512
2106
2103
1826
606
1812
1813
847
1064
1065
1066
1127
915
1804
1806
1797
1363
1788
1671
1666
1758
976
1396
1775
1717
1762
1652
1745
1722
1752
1730
1753
1696
1709
1720
1724
1466
1605
1410
1520
1178
1184
1226
892
924
974
709
1732
1738
1436
1723
1731
1685
1743
267
965
1517
1467
1125
1174
556
656
668
1716
1486
1726
1250
1441
1415
1713
894
744
1682
988
1084
1128
1695
1694
1654
1473
1111
1130
1129
752
778
542
758
1614
1626
1493
1088
1657
1157
1321
1201
1257
1112
1551
1656
1448
1647
1631
1450
28
956
1124
1145
1299
1426
1628
1258
1383
1341
1347
1480
1607
1589
630
1457
1092
736
1556
1440
396
1502
1040
676
1579
1120
1580
1571
33
1391
1291
1547
1559
1554
1500
1183
1552
1534
220
1331
831
1286
1536
1539
1521
1524
1533
1523
1283
1516
1328
1509
1058
1248
1501
1495
1499
1029
1312
1318
1403
1482
1469
611
1456
1206
771
1358
1255
1344
883
1423
207
1282
1378
1416
1419
1414
1385
1304
1400
1340
1389
1353
910
1359
1374
1376
1368
1364
1322
1204
1133
1362
1311
1346
1343
766
1354
1253
1336
937
789
1326
1238
1284
1295
1233
1309
1305
933
1246
1300
1287
725
1277
1268
781
1116
1269
1151
1265
325
1131
549
1262
186
815
1173
226
1144
1216
1090
561
1207
1242
1197
785
780
1150
1187
1118
1205
1171
1170
1154
1153
1208
1176
769
1200
1199
478
1177
1186
1179
1163
1134
315
363
1121
1135
1162
366
591
1143
1142
1114
1110
1089
1071
1055
1083
1075
1099
1094
1105
1096
1103
934
1054
917
930
1057
1050
865
1046
1037
1038
422
563
562
500
499
733
1027
979
1017
1004
1001
999
989
984
977
1023
602
922
787
535
978
332
981
970
1000
489
990
509
674
609
508
985
767
971
931
938
893
454
15
784
944
943
564
849
932
705
929
851
906
923
520
686
647
517
759
860
479
492
868
846
639
853
814
821
812
726
772
755
852
662
653
635
742
603
825
827
782
626
813
830
477
164
592
589
551
538
537
529
524
488
462
460
455
451
314
292
269
240
150
14
11
8
550
638
790
777
783
495
397
219
802
692
765
779
590
724
743
17
714
339
713
740
741
723
702
719
688
516
679
695
657
687
690
684
598
663
650
651
648
605
568
486
502
490
573
631
577
636
480
519
530
570
571
367
375
423
559
560
576
513
381
574
531
532
569
553
533
511
558
540
523
493
539
147
521
259
450
504
485
484
494
437
487
472
449
428
446
466
408
456
459
413
452
442
435
436
412
410
418
404
424
420
417
335
364
383
391
385
379
373
368
313
362
333
320
281
360
361
352
353
283
110
349
36
340
341
327
310
323
247
280
266
298
210
168
173
287
175
268
38
270
277
154
250
254
252
243
223
125
140
215
212
199
82
98
151
149
93
177
180
184
197
179
178
148
12
13
155
153
138
137
127
113
129
128
9
133
131
120
106
116
112
37
109
111
104
99
97
23
92
90
78
62
84
74
80
39
19
76
50
63
60
61
59
58
35
43
44
47
42
48
45
34
30
16
