3203
3196
3153
3052
3189
3194
3198
3191
333
3190
3180
3185
206
2245
3182
3179
3178
3177
3175
1809
3123
3172
3082
227
3055
3154
3170
2945
3169
135
3162
3112
3163
3024
1067
3138
3135
3142
3155
230
3152
3109
3145
3144
3151
3146
3083
3143
3129
3141
3126
3122
1800
3120
3119
3118
3115
169
3100
3113
3114
2225
258
680
682
675
1795
2395
68
1793
595
3111
3101
3075
3110
3108
3098
3018
3019
233
3042
46
3085
3089
3086
1488
3073
3074
3084
3078
3033
3057
3043
2981
3060
3009
3010
2616
3050
3062
3044
3059
3054
3004
2980
2993
2995
2678
3049
2885
2985
3016
3017
3020
3027
3028
3029
2589
3021
2954
2902
2432
3025
3012
1253
3011
147
1099
2400
2839
3002
3000
3001
2999
2998
2997
2996
2975
2988
1462
1794
2976
2947
2979
2941
2957
2966
2940
2930
2942
2870
2950
2938
2939
2658
2888
2667
391
2931
2887
2679
2913
2580
2726
2922
1887
2840
2845
2843
2689
2690
2900
2911
2886
2907
2817
2778
1786
2795
2252
2674
2884
2883
2882
2875
47
1900
188
27
991
2750
2717
2447
2408
2880
2775
2873
2869
2867
2846
2862
2796
2844
2847
2848
2842
323
577
251
134
119
210
309
252
151
314
150
146
145
502
140
157
510
509
98
248
506
505
284
238
270
232
237
234
2835
2806
2610
2486
2824
2823
2797
2804
2812
2821
2805
2802
2800
2803
1830
450
2760
2692
2661
2742
2786
2712
199
2683
2655
2218
2779
2720
2733
2777
2776
2772
688
247
2573
1843
131
2736
2563
2561
1630
1317
927
501
2758
2757
2721
2749
2738
173
2673
177
2656
915
916
2701
2735
2732
2728
2727
1716
2657
2493
2617
2572
1667
2478
2649
1729
1651
1826
2709
2705
1490
2693
2558
2666
2684
2680
2688
2687
2685
2349
1593
2643
1627
2529
2675
2629
2662
2644
2322
2430
2345
2424
2640
2647
2641
2632
2611
2636
2485
2630
2635
2623
2624
2625
2614
2612
2621
2587
2267
2415
2221
2426
739
2500
2601
2066
2472
2597
2145
2373
2454
2539
1967
2593
2451
2542
2096
2419
2393
925
2460
2431
2538
2578
2544
2198
2377
2502
50
2458
1853
2533
2287
2446
2576
2552
2466
2375
2564
2378
2548
2555
2562
2560
2568
2559
2543
2414
2508
2550
2541
2501
2173
2480
1137
2535
2534
1832
2394
2347
2172
2402
2130
2277
2095
2161
2220
2068
2528
2525
2526
2527
2268
2524
2520
2523
2418
2445
2434
2425
2423
2289
2513
2514
2515
2516
2435
2512
2484
2222
2237
2238
2239
2499
2507
2506
2505
2504
2503
2266
2413
2487
2489
2469
2474
2465
2300
1732
86
2459
2457
2296
1767
2229
2385
29
2216
2299
2421
2443
2440
2433
2428
2429
2427
2420
2346
2348
2228
1763
2295
2379
2344
2396
2391
2380
662
2384
2383
2382
2358
2381
2279
1102
1983
2369
2372
2371
2370
2235
2273
2357
2321
2351
2350
2309
2212
1633
2177
2290
2155
2337
1452
2330
2329
2102
2328
2334
2326
2325
2320
2307
2308
2310
2311
2313
2250
2254
2285
2294
2223
2280
2175
2255
2236
2256
2264
1841
2263
2261
1135
2259
2152
2248
2100
1242
2192
2176
2247
2230
1963
2139
2033
2107
2002
2031
1935
2094
2178
2179
2087
485
504
493
2231
2217
1845
1886
1903
2103
2111
2171
2157
1881
1882
2077
2199
2153
2174
2165
2158
2147
2123
2146
1618
2135
2141
2055
1610
1962
2115
2097
2127
2105
1463
2010
1804
2069
2118
1981
2110
2108
2049
2024
1811
1986
1991
2088
2084
2056
2037
1970
1968
2047
2058
1980
1904
1916
1902
279
2057
1951
2008
1992
2041
2040
2009
1505
1605
2032
2034
2028
2007
1803
2022
26
1966
1899
1988
1923
1587
1969
1944
1972
1871
1816
1978
1961
1489
1911
1937
1982
1979
1974
907
1333
1928
1945
1819
1926
1927
1934
1932
1924
1946
1893
1922
1936
1920
1919
1878
1817
1873
1907
1906
1894
1912
1885
1661
1689
1872
1768
1564
1563
1870
1884
1290
1869
1863
132
1801
1874
1555
1537
1665
1291
1838
1842
1836
1837
1839
1718
1134
1752
1684
1719
1833
1829
1844
696
133
1834
1835
1792
1802
1805
99
90
308
674
1377
1679
327
259
205
200
122
194
187
176
75
38
37
33
604
1581
1632
1744
671
1774
1758
1728
1641
1631
1512
1472
1405
1141
1131
1056
851
801
186
212
180
336
1815
1552
1823
1806
1818
1820
182
111
121
148
138
1764
435
463
1796
1775
40
1791
231
184
213
217
224
226
112
123
207
211
257
144
149
155
250
160
162
166
276
174
242
235
239
170
175
1787
1759
1776
1737
1773
1748
1765
1743
1733
1757
1751
1745
1183
1753
1711
1675
1690
1735
1712
1721
1723
1730
1717
1705
1714
1724
1704
1722
1698
1332
1669
1331
1670
1680
1710
1708
1345
1559
1596
935
1531
1607
1620
1659
1682
1613
1683
1668
1695
1696
191
1677
1492
1626
686
1562
1623
1491
1644
1616
1636
1538
332
667
117
1604
1443
1612
1628
1473
1614
1615
737
1609
1608
1601
1595
1589
1570
52
886
885
1107
951
1431
1572
1550
1556
1553
673
1536
1568
1566
1561
1513
1558
1554
1529
1541
1455
1130
895
1530
1516
1524
1493
1479
1393
1408
1521
1520
1016
1501
88
1456
1467
330
1474
331
1438
1471
1470
881
1200
1239
1461
1381
1439
1212
1433
1450
1444
1378
274
1351
537
1434
1421
1418
1414
1158
124
672
1406
1400
1256
1259
1396
1395
1049
1199
396
1388
1155
1338
1386
587
1379
1292
677
817
1362
846
1373
1372
1366
1349
634
761
578
1300
569
1159
1080
901
1154
202
1156
1152
561
937
1264
1272
271
1079
1307
1316
1311
1282
110
1305
1295
1288
1294
1078
1293
985
324
89
1163
1285
1283
896
1260
1270
1255
1241
938
459
894
898
1247
960
1189
1203
1258
771
1246
1231
1235
1238
1225
1228
1226
1223
1076
1048
1191
1151
1008
1221
635
126
1215
1217
1201
1103
1100
850
1211
1051
1207
431
1123
1197
930
153
728
1187
1178
548
1186
481
950
883
884
977
1173
1153
129
546
796
926
296
1132
773
42
969
976
882
1138
1012
666
1136
1127
406
204
1126
917
834
840
44
25
215
897
945
1118
1125
1124
1028
1117
1116
1088
989
1055
959
1094
1075
1087
1089
1074
1097
1082
1083
1060
1064
908
1092
1090
1014
873
1077
1058
1050
958
1006
1042
1004
1022
1035
1033
1024
1000
1005
1017
1015
999
1011
1010
1007
55
397
964
962
957
983
772
965
967
956
963
961
413
877
955
954
952
943
944
490
104
717
939
843
889
467
857
475
879
67
849
823
809
198
872
865
57
812
793
192
899
687
787
826
887
890
582
878
875
855
868
685
559
762
802
704
845
803
562
852
844
853
400
591
405
70
808
838
833
807
799
816
815
746
810
777
778
794
795
800
804
733
811
586
798
797
535
83
770
473
607
736
36
606
403
754
575
755
540
750
56
576
721
588
643
703
583
729
701
661
695
712
295
466
565
718
579
663
705
702
647
691
97
312
402
346
684
196
420
594
608
676
658
670
645
592
657
600
120
292
640
161
650
619
533
639
414
447
524
618
598
614
91
609
389
32
605
580
85
568
560
558
498
497
462
376
585
398
401
197
189
584
66
125
320
570
512
519
550
515
372
341
72
547
542
399
219
477
528
430
443
496
253
470
218
425
476
203
225
96
508
507
503
500
499
65
495
494
492
489
491
488
486
483
455
456
457
433
78
469
35
404
415
31
383
34
229
246
102
195
81
393
416
418
360
344
30
411
408
322
381
49
54
73
385
214
325
282
375
193
337
84
222
280
378
369
185
338
321
358
364
363
361
340
249
95
71
275
281
300
311
313
318
326
334
329
328
319
317
316
315
310
307
306
305
304
303
302
301
299
298
297
294
293
291
290
289
288
48
287
286
285
283
269
277
115
101
278
272
273
268
266
265
94
143
64
28
190
256
255
254
244
243
241
236
228
223
221
220
216
209
208
201
183
181
179
172
171
167
165
164
163
159
158
156
154
152
141
139
137
136
130
128
127
116
113
109
108
107
106
105
103
100
93
92
87
82
80
79
77
76
74
69
59
53
51
45
41
16
6
